matricula;ano_mes;leads;trabalhado;abordado;negociado;rec_orcamento;cotado;transm_bru;transm_liq;rec_canc_transm;premio_transm;premio_rec_canc;premio_emi;ticket_med_bru;ticket_med_lid;%Trabalhado;%Abordado;%Cotado;%Conversão_Bruta;%Conversão_Líquida;%Eficiência
4400331;01/02/2021;32;32;32;26;6;20;8;6;2;21050;5544;15506;5262,5;5168,666666;1;1;0,625;0,4;0,3;0,1875
4400364;01/05/2021;34;34;34;20;4;16;6;6;0;12742;0;12742;4247,333334;4247,333334;1;1;0,470588235;0,375;0,375;0,176470588
4400096;01/08/2021;14;14;14;14;2;12;2;2;0;2146;0;2146;2146;2146;1;1;0,857142857;0,166666667;0,166666667;0,142857143
4400283;01/03/2021;4;4;4;2;0;2;0;0;0;0;0;0;0;0;1;1;0,5;0;0;0
4400590;01/08/2021;2;2;2;2;0;2;0;0;0;0;0;0;0;0;1;1;1;0;0;0
4400189;01/06/2021;34;34;30;22;2;20;10;10;0;18882;0;18882;3776,4;3776,4;1;0,882352941;0,666666667;0,5;0,5;0,294117647
4400573;01/06/2021;26;26;26;22;4;18;12;12;0;29128;0;29128;4854,666666;4854,666666;1;1;0,692307692;0,666666667;0,666666667;0,461538462
4400073;01/06/2021;22;22;22;20;4;16;8;8;0;18834;0;18834;4708,5;4708,5;1;1;0,727272727;0,5;0,5;0,363636364
4400119;01/05/2021;18;18;16;14;2;12;6;6;0;14578;0;14578;4859,333334;4859,333334;1;0,888888889;0,75;0,5;0,5;0,333333333
4400336;01/05/2021;2;2;2;0;0;0;0;0;0;0;0;0;0;0;1;1;0;0;0;0
4400864;01/04/2021;44;44;24;16;0;16;6;6;0;8490;0;8490;2830;2830;1;0,545454545;0,666666667;0,375;0,375;0,136363636
4400261;01/03/2021;2;2;0;0;0;0;0;0;0;0;0;0;0;0;1;0;0;0;0;0
4400359;01/09/2021;12;12;12;12;0;12;10;10;0;18242;0;18242;3648,4;3648,4;1;1;1;0,833333333;0,833333333;0,833333333
4400704;01/04/2021;6;6;6;6;0;6;4;4;0;6086;0;6086;3043;3043;1;1;1;0,666666667;0,666666667;0,666666667
4400709;01/05/2021;4;4;4;4;0;4;2;2;0;2044;0;2044;2044;2044;1;1;1;0,5;0,5;0,5
4400104;01/04/2021;2;2;2;0;0;0;0;0;0;0;0;0;0;0;1;1;0;0;0;0
4400909;01/09/2021;2;2;2;2;0;2;2;2;0;1824;0;1824;1824;1824;1;1;1;1;1;1
4400862;01/02/2021;8;8;8;6;4;2;0;0;0;0;0;0;0;0;1;1;0,25;0;0;0
4400433;01/07/2021;2;2;2;2;0;2;2;2;0;1868;0;1868;1868;1868;1;1;1;1;1;1
4400040;01/06/2021;12;12;12;10;0;10;2;2;0;2180;0;2180;2180;2180;1;1;0,833333333;0,2;0,2;0,166666667
4400663;01/04/2021;14;14;14;14;2;12;2;2;0;2434;0;2434;2434;2434;1;1;0,857142857;0,166666667;0,166666667;0,142857143
4400349;01/09/2021;16;16;16;14;0;14;4;4;0;8186;0;8186;4093;4093;1;1;0,875;0,285714286;0,285714286;0,25
4400376;01/02/2021;12;12;12;10;0;10;4;4;0;6228;0;6228;3114;3114;1;1;0,833333333;0,4;0,4;0,333333333
4400053;01/08/2021;16;16;16;16;0;16;6;6;0;8448;0;8448;2816;2816;1;1;1;0,375;0,375;0,375
4400664;01/09/2021;10;10;10;10;2;8;2;2;0;5782;0;5782;5782;5782;1;1;0,8;0,25;0,25;0,2
4400888;01/04/2021;12;12;10;10;0;10;4;4;0;7530;0;7530;3765;3765;1;0,833333333;1;0,4;0,4;0,333333333
4400305;01/06/2021;2;2;2;2;2;0;0;0;0;0;0;0;0;0;1;1;0;0;0;0
4400821;01/09/2021;10;10;10;8;2;6;0;0;0;0;0;0;0;0;1;1;0,6;0;0;0
4400052;01/05/2021;14;14;14;8;0;8;2;2;0;3106;0;3106;3106;3106;1;1;0,571428571;0,25;0,25;0,142857143
4400697;01/05/2021;22;22;22;18;0;18;6;6;0;22316;0;22316;7438,666666;7438,666666;1;1;0,818181818;0,333333333;0,333333333;0,272727273
4400164;01/09/2021;18;18;18;8;0;8;0;0;0;0;0;0;0;0;1;1;0,444444444;0;0;0
4400064;01/06/2021;10;10;10;4;0;4;4;4;0;8178;0;8178;4089;4089;1;1;0,4;1;1;0,4
4400466;01/05/2021;2;2;2;0;0;0;0;0;0;0;0;0;0;0;1;1;0;0;0;0
4400425;01/01/2021;10;10;10;6;0;6;0;0;0;0;0;0;0;0;1;1;0,6;0;0;0
4400800;01/08/2021;14;14;14;12;2;10;6;6;0;12960;0;12960;4320;4320;1;1;0,714285714;0,6;0,6;0,428571429
4400434;01/07/2021;8;8;8;6;0;6;0;0;0;0;0;0;0;0;1;1;0,75;0;0;0
4400782;01/09/2021;6;6;6;4;0;4;2;2;0;2146;0;2146;2146;2146;1;1;0,666666667;0,5;0,5;0,333333333
4400017;01/08/2021;12;12;12;12;4;8;2;2;0;2012;0;2012;2012;2012;1;1;0,666666667;0,25;0,25;0,166666667
4400292;01/09/2021;16;16;16;14;0;14;4;4;0;5682;0;5682;2841;2841;1;1;0,875;0,285714286;0,285714286;0,25
4400330;01/07/2021;14;14;14;6;0;6;0;0;0;0;0;0;0;0;1;1;0,428571429;0;0;0
4400088;01/04/2021;18;18;18;10;2;8;4;4;0;10806;0;10806;5403;5403;1;1;0,444444444;0,5;0,5;0,222222222
4400323;01/07/2021;12;12;12;8;4;4;0;0;0;0;0;0;0;0;1;1;0,333333333;0;0;0
4400398;01/05/2021;10;10;10;4;0;4;2;2;0;4490;0;4490;4490;4490;1;1;0,4;0,5;0,5;0,2
4400470;01/09/2021;2;0;0;0;0;0;0;0;0;0;0;0;0;0;0;0;0;0;0;0
4400745;01/01/2021;6;6;6;4;0;4;4;2;2;7974;4140;3834;3987;3834;1;1;0,666666667;1;0,5;0,333333333
4400649;01/03/2021;38;38;38;30;6;24;4;4;0;5120;0;5120;2560;2560;1;1;0,631578947;0,166666667;0,166666667;0,105263158
4400425;01/06/2021;18;18;18;14;2;12;0;0;0;0;0;0;0;0;1;1;0,666666667;0;0;0
4400490;01/09/2021;16;16;16;14;2;12;6;6;0;8718;0;8718;2906;2906;1;1;0,75;0,5;0,5;0,375
4400069;01/07/2021;4;4;4;0;0;0;0;0;0;0;0;0;0;0;1;1;0;0;0;0
4400366;01/08/2021;12;12;12;6;0;6;0;0;0;0;0;0;0;0;1;1;0,5;0;0;0
4400737;01/05/2021;4;4;4;2;0;2;0;0;0;0;0;0;0;0;1;1;0,5;0;0;0
4400632;01/03/2021;16;16;16;16;4;12;6;6;0;15842;0;15842;5280,666666;5280,666666;1;1;0,75;0,5;0,5;0,375
4400818;01/07/2021;24;24;24;18;2;16;2;2;0;4718;0;4718;4718;4718;1;1;0,666666667;0,125;0,125;0,083333333
4400120;01/06/2021;30;30;30;18;0;18;6;6;0;7688;0;7688;2562,666666;2562,666666;1;1;0,6;0,333333333;0,333333333;0,2
4400246;01/01/2021;4;4;4;0;0;0;0;0;0;0;0;0;0;0;1;1;0;0;0;0
4400494;01/01/2021;4;4;4;2;0;2;0;0;0;0;0;0;0;0;1;1;0,5;0;0;0
4400227;01/03/2021;20;20;20;16;6;10;4;4;0;6652;0;6652;3326;3326;1;1;0,5;0,4;0,4;0,2
4400147;01/09/2021;10;10;10;4;2;2;2;2;0;6472;0;6472;6472;6472;1;1;0,2;1;1;0,2
4400681;01/09/2021;14;14;12;12;0;12;8;6;2;19294;2478;16816;4823,5;5605,333334;1;0,857142857;1;0,666666667;0,5;0,428571429
4400140;01/07/2021;2;2;2;2;0;2;0;0;0;0;0;0;0;0;1;1;1;0;0;0
4400692;01/09/2021;8;8;6;6;0;6;2;2;0;4724;0;4724;4724;4724;1;0,75;1;0,333333333;0,333333333;0,25
4400035;01/03/2021;22;22;22;16;0;16;6;6;0;13114;0;13114;4371,333334;4371,333334;1;1;0,727272727;0,375;0,375;0,272727273
4400541;01/01/2021;6;6;6;6;0;6;0;0;0;0;0;0;0;0;1;1;1;0;0;0
4400894;01/03/2021;18;18;18;16;2;14;2;2;0;3690;0;3690;3690;3690;1;1;0,777777778;0,142857143;0,142857143;0,111111111
4400847;01/01/2021;2;2;0;0;0;0;0;0;0;0;0;0;0;0;1;0;0;0;0;0
4400411;01/05/2021;14;14;14;14;4;10;2;2;0;2826;0;2826;2826;2826;1;1;0,714285714;0,2;0,2;0,142857143
4400390;01/09/2021;2;2;2;2;2;0;0;0;0;0;0;0;0;0;1;1;0;0;0;0
4400680;01/09/2021;8;8;8;8;4;4;2;2;0;1722;0;1722;1722;1722;1;1;0,5;0,5;0,5;0,25
4400415;01/01/2021;4;4;4;2;0;2;0;0;0;0;0;0;0;0;1;1;0,5;0;0;0
4400122;01/06/2021;4;4;4;4;0;4;0;0;0;0;0;0;0;0;1;1;1;0;0;0
4400317;01/06/2021;8;8;8;4;0;4;0;0;0;0;0;0;0;0;1;1;0,5;0;0;0
4400135;01/05/2021;4;4;4;2;0;2;0;0;0;0;0;0;0;0;1;1;0,5;0;0;0
4400089;01/02/2021;2;2;2;0;0;0;0;0;0;0;0;0;0;0;1;1;0;0;0;0
4400235;01/05/2021;8;8;8;6;0;6;2;2;0;2086;0;2086;2086;2086;1;1;0,75;0,333333333;0,333333333;0,25
4400567;01/04/2021;10;10;10;6;0;6;2;2;0;3466;0;3466;3466;3466;1;1;0,6;0,333333333;0,333333333;0,2
4400044;01/09/2021;8;8;8;6;2;4;2;2;0;11646;0;11646;11646;11646;1;1;0,5;0,5;0,5;0,25
4400776;01/04/2021;10;10;8;8;0;8;0;0;0;0;0;0;0;0;1;0,8;1;0;0;0
4400694;01/07/2021;4;4;4;4;0;4;0;0;0;0;0;0;0;0;1;1;1;0;0;0
4400074;01/09/2021;20;20;20;10;2;8;0;0;0;0;0;0;0;0;1;1;0,4;0;0;0
4400445;01/04/2021;18;18;18;16;4;12;4;4;0;8230;0;8230;4115;4115;1;1;0,666666667;0,333333333;0,333333333;0,222222222
4400038;01/01/2021;2;2;2;2;0;2;0;0;0;0;0;0;0;0;1;1;1;0;0;0
4400104;01/07/2021;8;8;8;6;0;6;2;2;0;5668;0;5668;5668;5668;1;1;0,75;0,333333333;0,333333333;0,25
4400673;01/09/2021;12;12;12;10;0;10;2;2;0;2074;0;2074;2074;2074;1;1;0,833333333;0,2;0,2;0,166666667
4400061;01/06/2021;16;16;16;12;2;10;0;0;0;0;0;0;0;0;1;1;0,625;0;0;0
4400092;01/06/2021;8;8;8;6;2;4;0;0;0;0;0;0;0;0;1;1;0,5;0;0;0
4400801;01/03/2021;14;14;14;8;2;6;2;2;0;2200;0;2200;2200;2200;1;1;0,428571429;0,333333333;0,333333333;0,142857143
4400512;01/01/2021;8;8;8;6;0;6;0;0;0;0;0;0;0;0;1;1;0,75;0;0;0
4400020;01/03/2021;2;2;2;2;2;0;0;0;0;0;0;0;0;0;1;1;0;0;0;0
4400902;01/02/2021;2;2;2;2;2;0;0;0;0;0;0;0;0;0;1;1;0;0;0;0
4400250;01/05/2021;2;2;2;2;0;2;0;0;0;0;0;0;0;0;1;1;1;0;0;0
4400073;01/04/2021;10;10;10;6;4;2;0;0;0;0;0;0;0;0;1;1;0,2;0;0;0
4400782;01/07/2021;2;2;2;2;2;0;0;0;0;0;0;0;0;0;1;1;0;0;0;0
4400117;01/04/2021;2;2;2;2;2;0;0;0;0;0;0;0;0;0;1;1;0;0;0;0
4400064;01/06/2021;2;2;2;2;2;0;0;0;0;0;0;0;0;0;1;1;0;0;0;0
4400444;01/03/2021;2;2;2;2;2;0;0;0;0;0;0;0;0;0;1;1;0;0;0;0
4400512;01/07/2021;8;8;6;2;0;2;2;2;0;2848;0;2848;2848;2848;1;0,75;0,333333333;1;1;0,25
4400858;01/07/2021;12;12;12;10;0;10;8;8;0;15488;0;15488;3872;3872;1;1;0,833333333;0,8;0,8;0,666666667
4400792;01/09/2021;14;14;14;12;0;12;2;2;0;4860;0;4860;4860;4860;1;1;0,857142857;0,166666667;0,166666667;0,142857143
4400309;01/04/2021;10;10;10;10;0;10;8;8;0;18502;0;18502;4625,5;4625,5;1;1;1;0,8;0,8;0,8
4400226;01/07/2021;10;10;10;10;2;8;2;2;0;2806;0;2806;2806;2806;1;1;0,8;0,25;0,25;0,2
4400054;01/04/2021;8;8;8;8;0;8;2;2;0;3908;0;3908;3908;3908;1;1;1;0,25;0,25;0,25
4400472;01/09/2021;26;26;26;20;0;20;12;10;2;22492;2948;19544;3748,666666;3908,8;1;1;0,769230769;0,6;0,5;0,384615385
4400499;01/02/2021;6;6;6;2;0;2;0;0;0;0;0;0;0;0;1;1;0,333333333;0;0;0
4400271;01/02/2021;4;4;4;4;0;4;0;0;0;0;0;0;0;0;1;1;1;0;0;0
4400169;01/06/2021;16;16;16;14;0;14;2;2;0;4308;0;4308;4308;4308;1;1;0,875;0,142857143;0,142857143;0,125
4400187;01/01/2021;4;4;4;4;0;4;4;4;0;6706;0;6706;3353;3353;1;1;1;1;1;1
4400321;01/09/2021;10;10;10;8;6;2;2;2;0;7410;0;7410;7410;7410;1;1;0,2;1;1;0,2
4400716;01/08/2021;8;8;8;8;2;6;6;4;2;12028;2810;9218;4009,333334;4609;1;1;0,75;1;0,666666667;0,5
4400865;01/04/2021;10;10;10;10;6;4;2;2;0;8758;0;8758;8758;8758;1;1;0,4;0,5;0,5;0,2
4400836;01/09/2021;10;10;10;10;4;6;2;2;0;5402;0;5402;5402;5402;1;1;0,6;0,333333333;0,333333333;0,2
4400724;01/07/2021;8;8;8;8;2;6;4;4;0;6800;0;6800;3400;3400;1;1;0,75;0,666666667;0,666666667;0,5
4400484;01/01/2021;6;6;6;6;4;2;0;0;0;0;0;0;0;0;1;1;0,333333333;0;0;0
4400078;01/08/2021;20;20;20;12;2;10;6;6;0;10758;0;10758;3586;3586;1;1;0,5;0,6;0,6;0,3
4400414;01/06/2021;14;14;14;12;0;12;8;8;0;13164;0;13164;3291;3291;1;1;0,857142857;0,666666667;0,666666667;0,571428571
4400520;01/09/2021;14;14;14;10;4;6;2;2;0;5890;0;5890;5890;5890;1;1;0,428571429;0,333333333;0,333333333;0,142857143
4400593;01/05/2021;4;4;4;2;0;2;0;0;0;0;0;0;0;0;1;1;0,5;0;0;0
4400769;01/07/2021;2;2;2;0;0;0;0;0;0;0;0;0;0;0;1;1;0;0;0;0
4400170;01/07/2021;18;18;18;12;0;12;2;2;0;6000;0;6000;6000;6000;1;1;0,666666667;0,166666667;0,166666667;0,111111111
4400270;01/03/2021;24;24;24;20;10;10;0;0;0;0;0;0;0;0;1;1;0,416666667;0;0;0
4400658;01/02/2021;28;28;28;22;4;18;6;6;0;10250;0;10250;3416,666666;3416,666666;1;1;0,642857143;0,333333333;0,333333333;0,214285714
4400091;01/08/2021;14;14;14;10;0;10;4;4;0;5582;0;5582;2791;2791;1;1;0,714285714;0,4;0,4;0,285714286
4400793;01/05/2021;2;2;2;0;0;0;0;0;0;0;0;0;0;0;1;1;0;0;0;0
4400337;01/04/2021;14;14;14;10;0;10;6;6;0;10564;0;10564;3521,333334;3521,333334;1;1;0,714285714;0,6;0,6;0,428571429
4400395;01/09/2021;24;24;24;10;0;10;4;4;0;5546;0;5546;2773;2773;1;1;0,416666667;0,4;0,4;0,166666667
4400202;01/01/2021;12;12;12;8;0;8;2;2;0;3796;0;3796;3796;3796;1;1;0,666666667;0,25;0,25;0,166666667
4400370;01/06/2021;14;14;14;12;0;12;2;2;0;2940;0;2940;2940;2940;1;1;0,857142857;0,166666667;0,166666667;0,142857143
4400833;01/09/2021;2;2;2;0;0;0;0;0;0;0;0;0;0;0;1;1;0;0;0;0
4400244;01/05/2021;8;8;8;6;2;4;0;0;0;0;0;0;0;0;1;1;0,5;0;0;0
4400398;01/03/2021;8;8;8;4;2;2;0;0;0;0;0;0;0;0;1;1;0,25;0;0;0
4400005;01/06/2021;12;12;12;8;0;8;0;0;0;0;0;0;0;0;1;1;0,666666667;0;0;0
4400271;01/02/2021;10;10;10;4;0;4;2;2;0;4290;0;4290;4290;4290;1;1;0,4;0,5;0,5;0,2
4400446;01/04/2021;10;10;10;8;2;6;0;0;0;0;0;0;0;0;1;1;0,6;0;0;0
4400242;01/01/2021;2;2;2;0;0;0;0;0;0;0;0;0;0;0;1;1;0;0;0;0
4400063;01/07/2021;2;2;0;0;0;0;0;0;0;0;0;0;0;0;1;0;0;0;0;0
4400713;01/09/2021;2;2;2;2;0;2;2;2;0;1466;0;1466;1466;1466;1;1;1;1;1;1
4400075;01/01/2021;20;20;20;20;4;16;6;6;0;17344;0;17344;5781,333334;5781,333334;1;1;0,8;0,375;0,375;0,3
4400727;01/03/2021;18;18;18;18;8;10;8;8;0;12580;0;12580;3145;3145;1;1;0,555555556;0,8;0,8;0,444444444
4400864;01/03/2021;20;20;20;20;4;16;8;8;0;11936;0;11936;2984;2984;1;1;0,8;0,5;0,5;0,4
4400474;01/07/2021;2;2;2;2;0;2;0;0;0;0;0;0;0;0;1;1;1;0;0;0
4400399;01/09/2021;12;12;12;12;4;8;6;6;0;6122;0;6122;2040,666666;2040,666666;1;1;0,666666667;0,75;0,75;0,5
4400238;01/08/2021;18;18;18;18;2;16;4;4;0;6502;0;6502;3251;3251;1;1;0,888888889;0,25;0,25;0,222222222
4400689;01/07/2021;12;12;12;12;0;12;6;6;0;19542;0;19542;6514;6514;1;1;1;0,5;0,5;0,5
4400028;01/01/2021;16;16;16;16;2;14;12;12;0;18532;0;18532;3088,666666;3088,666666;1;1;0,875;0,857142857;0,857142857;0,75
4400183;01/03/2021;24;24;20;20;10;10;0;0;0;0;0;0;0;0;1;0,833333333;0,5;0;0;0
4400492;01/05/2021;20;20;18;16;2;14;14;14;0;36016;0;36016;5145,142858;5145,142858;1;0,9;0,777777778;1;1;0,7
4400389;01/05/2021;18;18;18;18;2;16;4;4;0;6004;0;6004;3002;3002;1;1;0,888888889;0,25;0,25;0,222222222
4400237;01/05/2021;20;20;20;20;4;16;8;8;0;20350;0;20350;5087,5;5087,5;1;1;0,8;0,5;0,5;0,4
4400509;01/01/2021;18;18;18;16;0;16;4;4;0;7538;0;7538;3769;3769;1;1;0,888888889;0,25;0,25;0,222222222
4400582;01/08/2021;18;18;18;16;6;10;4;4;0;6810;0;6810;3405;3405;1;1;0,555555556;0,4;0,4;0,222222222
4400365;01/05/2021;16;16;16;16;6;10;6;6;0;7518;0;7518;2506;2506;1;1;0,625;0,6;0,6;0,375
4400590;01/01/2021;22;22;22;20;4;16;4;4;0;9158;0;9158;4579;4579;1;1;0,727272727;0,25;0,25;0,181818182
4400671;01/09/2021;2;2;2;2;0;2;0;0;0;0;0;0;0;0;1;1;1;0;0;0
4400759;01/03/2021;18;18;18;16;2;14;6;6;0;11458;0;11458;3819,333334;3819,333334;1;1;0,777777778;0,428571429;0,428571429;0,333333333
4400034;01/09/2021;8;8;8;8;0;8;4;4;0;8130;0;8130;4065;4065;1;1;1;0,5;0,5;0,5
4400496;01/03/2021;14;14;14;14;6;8;4;4;0;12288;0;12288;6144;6144;1;1;0,571428571;0,5;0,5;0,285714286
4400494;01/09/2021;12;12;12;10;2;8;8;8;0;18872;0;18872;4718;4718;1;1;0,666666667;1;1;0,666666667
4400683;01/03/2021;2;2;2;0;0;0;0;0;0;0;0;0;0;0;1;1;0;0;0;0
4400080;01/08/2021;2;2;2;2;0;2;0;0;0;0;0;0;0;0;1;1;1;0;0;0
4400455;01/01/2021;14;14;14;10;0;10;2;2;0;3366;0;3366;3366;3366;1;1;0,714285714;0,2;0,2;0,142857143
4400432;01/08/2021;8;8;8;6;0;6;4;4;0;5414;0;5414;2707;2707;1;1;0,75;0,666666667;0,666666667;0,5
4400589;01/04/2021;10;10;10;10;2;8;6;6;0;15690;0;15690;5230;5230;1;1;0,8;0,75;0,75;0,6
4400574;01/07/2021;14;14;14;12;0;12;2;2;0;4598;0;4598;4598;4598;1;1;0,857142857;0,166666667;0,166666667;0,142857143
4400708;01/04/2021;30;30;12;8;2;6;2;2;0;3190;0;3190;3190;3190;1;0,4;0,5;0,333333333;0,333333333;0,066666667
4400448;01/09/2021;20;20;10;10;0;10;2;0;2;3328;3328;0;3328;0;1;0,5;1;0,2;0;0
4400689;01/07/2021;34;34;24;10;2;8;0;0;0;0;0;0;0;0;1;0,705882353;0,333333333;0;0;0
4400151;01/03/2021;18;18;4;4;4;0;0;0;0;0;0;0;0;0;1;0,222222222;0;0;0;0
4400861;01/04/2021;18;18;8;6;2;4;0;0;0;0;0;0;0;0;1;0,444444444;0,5;0;0;0
4400819;01/05/2021;50;50;20;16;2;14;0;0;0;0;0;0;0;0;1;0,4;0,7;0;0;0
4400114;01/09/2021;32;32;18;14;0;14;0;0;0;0;0;0;0;0;1;0,5625;0,777777778;0;0;0
4400613;01/06/2021;54;54;12;8;0;8;2;2;0;4174;0;4174;4174;4174;1;0,222222222;0,666666667;0,25;0,25;0,037037037
4400129;01/09/2021;64;64;12;8;0;8;0;0;0;0;0;0;0;0;1;0,1875;0,666666667;0;0;0
4400746;01/09/2021;16;16;4;0;0;0;0;0;0;0;0;0;0;0;1;0,25;0;0;0;0
4400672;01/04/2021;30;30;2;2;0;2;0;0;0;0;0;0;0;0;1;0,066666667;1;0;0;0
4400272;01/06/2021;54;54;24;14;6;8;0;0;0;0;0;0;0;0;1;0,444444444;0,333333333;0;0;0
4400149;01/04/2021;12;12;12;4;0;4;2;0;2;3228;3228;0;3228;0;1;1;0,333333333;0,5;0;0
4400536;01/03/2021;8;8;8;4;2;2;0;0;0;0;0;0;0;0;1;1;0,25;0;0;0
4400427;01/03/2021;6;6;6;0;0;0;0;0;0;0;0;0;0;0;1;1;0;0;0;0
4400799;01/08/2021;12;12;12;6;0;6;0;0;0;0;0;0;0;0;1;1;0,5;0;0;0
4400513;01/02/2021;8;8;8;2;2;0;0;0;0;0;0;0;0;0;1;1;0;0;0;0
4400813;01/03/2021;16;16;16;6;0;6;0;0;0;0;0;0;0;0;1;1;0,375;0;0;0
4400826;01/05/2021;14;14;14;2;0;2;2;2;0;4218;0;4218;4218;4218;1;1;0,142857143;1;1;0,142857143
4400674;01/05/2021;2;2;2;2;0;2;2;2;0;2294;0;2294;2294;2294;1;1;1;1;1;1
4400753;01/01/2021;2;2;2;0;0;0;0;0;0;0;0;0;0;0;1;1;0;0;0;0
4400790;01/06/2021;10;10;10;2;0;2;0;0;0;0;0;0;0;0;1;1;0,2;0;0;0
4400402;01/04/2021;4;4;4;2;0;2;0;0;0;0;0;0;0;0;1;1;0,5;0;0;0
4400560;01/07/2021;2;2;2;0;0;0;0;0;0;0;0;0;0;0;1;1;0;0;0;0
4400154;01/05/2021;6;6;6;2;0;2;0;0;0;0;0;0;0;0;1;1;0,333333333;0;0;0
4400093;01/06/2021;20;20;20;14;0;14;4;4;0;5552;0;5552;2776;2776;1;1;0,7;0,285714286;0,285714286;0,2
4400233;01/05/2021;10;10;10;8;0;8;2;2;0;5132;0;5132;5132;5132;1;1;0,8;0,25;0,25;0,2
4400754;01/01/2021;16;16;14;8;0;8;2;2;0;4368;0;4368;4368;4368;1;0,875;0,571428571;0,25;0,25;0,125
4400298;01/07/2021;10;10;6;4;0;4;4;4;0;11596;0;11596;5798;5798;1;0,6;0,666666667;1;1;0,4
4400289;01/08/2021;12;12;12;6;0;6;2;2;0;9984;0;9984;9984;9984;1;1;0,5;0,333333333;0,333333333;0,166666667
4400585;01/03/2021;14;14;14;10;0;10;6;6;0;17552;0;17552;5850,666666;5850,666666;1;1;0,714285714;0,6;0,6;0,428571429
4400199;01/01/2021;16;16;16;12;6;6;4;4;0;6762;0;6762;3381;3381;1;1;0,375;0,666666667;0,666666667;0,25
4400222;01/06/2021;24;24;24;16;4;12;6;6;0;9246;0;9246;3082;3082;1;1;0,5;0,5;0,5;0,25
4400371;01/05/2021;24;24;24;20;0;20;2;2;0;3334;0;3334;3334;3334;1;1;0,833333333;0,1;0,1;0,083333333
4400500;01/03/2021;12;12;12;8;2;6;4;4;0;7382;0;7382;3691;3691;1;1;0,5;0,666666667;0,666666667;0,333333333
4400213;01/01/2021;8;8;8;2;0;2;0;0;0;0;0;0;0;0;1;1;0,25;0;0;0
4400329;01/06/2021;14;14;14;14;0;14;4;4;0;7734;0;7734;3867;3867;1;1;1;0,285714286;0,285714286;0,285714286
4400715;01/07/2021;20;20;20;14;0;14;4;4;0;6156;0;6156;3078;3078;1;1;0,7;0,285714286;0,285714286;0,2
4400012;01/06/2021;14;14;14;14;4;10;2;2;0;3720;0;3720;3720;3720;1;1;0,714285714;0,2;0,2;0,142857143
4400713;01/04/2021;18;18;18;16;0;16;4;4;0;5592;0;5592;2796;2796;1;1;0,888888889;0,25;0,25;0,222222222
4400661;01/02/2021;2;2;2;2;0;2;0;0;0;0;0;0;0;0;1;1;1;0;0;0
4400051;01/04/2021;2;2;2;0;0;0;0;0;0;0;0;0;0;0;1;1;0;0;0;0
4400340;01/09/2021;10;10;10;2;0;2;2;2;0;3426;0;3426;3426;3426;1;1;0,2;1;1;0,2
4400088;01/06/2021;2;2;2;2;2;0;0;0;0;0;0;0;0;0;1;1;0;0;0;0
4400545;01/08/2021;2;2;2;2;0;2;0;0;0;0;0;0;0;0;1;1;1;0;0;0
4400500;01/05/2021;4;4;4;4;0;4;0;0;0;0;0;0;0;0;1;1;1;0;0;0
4400466;01/02/2021;4;4;4;4;2;2;2;0;2;2330;2330;0;2330;0;1;1;0,5;1;0;0
4400386;01/01/2021;2;2;2;0;0;0;0;0;0;0;0;0;0;0;1;1;0;0;0;0
4400040;01/03/2021;8;8;8;6;0;6;4;4;0;9890;0;9890;4945;4945;1;1;0,75;0,666666667;0,666666667;0,5
4400527;01/06/2021;2;2;2;2;2;0;0;0;0;0;0;0;0;0;1;1;0;0;0;0
4400029;01/04/2021;12;12;12;12;2;10;4;4;0;7126;0;7126;3563;3563;1;1;0,833333333;0,4;0,4;0,333333333
4400059;01/01/2021;2;2;2;2;0;2;2;2;0;4534;0;4534;4534;4534;1;1;1;1;1;1
4400193;01/01/2021;2;2;2;2;0;2;0;0;0;0;0;0;0;0;1;1;1;0;0;0
4400549;01/04/2021;2;2;2;2;0;2;0;0;0;0;0;0;0;0;1;1;1;0;0;0
4400067;01/01/2021;8;8;8;6;4;2;0;0;0;0;0;0;0;0;1;1;0,25;0;0;0
4400511;01/02/2021;16;16;16;10;2;8;2;2;0;5052;0;5052;5052;5052;1;1;0,5;0,25;0,25;0,125
4400173;01/02/2021;12;12;12;10;0;10;2;2;0;6000;0;6000;6000;6000;1;1;0,833333333;0,2;0,2;0,166666667
4400286;01/03/2021;16;16;16;10;0;10;6;4;2;10532;2154;8378;3510,666666;4189;1;1;0,625;0,6;0,4;0,25
4400277;01/02/2021;4;4;4;2;0;2;0;0;0;0;0;0;0;0;1;1;0,5;0;0;0
4400286;01/02/2021;22;22;22;20;6;14;0;0;0;0;0;0;0;0;1;1;0,636363636;0;0;0
4400727;01/03/2021;10;10;10;8;0;8;2;2;0;4200;0;4200;4200;4200;1;1;0,8;0,25;0,25;0,2
4400907;01/07/2021;4;4;4;4;0;4;0;0;0;0;0;0;0;0;1;1;1;0;0;0
4400797;01/08/2021;24;24;24;16;0;16;2;2;0;2592;0;2592;2592;2592;1;1;0,666666667;0,125;0,125;0,083333333
4400203;01/07/2021;4;4;4;2;0;2;2;2;0;3540;0;3540;3540;3540;1;1;0,5;1;1;0,5
4400390;01/06/2021;2;2;2;2;0;2;0;0;0;0;0;0;0;0;1;1;1;0;0;0
4400133;01/09/2021;18;18;18;12;4;8;0;0;0;0;0;0;0;0;1;1;0,444444444;0;0;0
4400369;01/02/2021;2;2;2;2;0;2;0;0;0;0;0;0;0;0;1;1;1;0;0;0
4400870;01/04/2021;4;4;4;0;0;0;0;0;0;0;0;0;0;0;1;1;0;0;0;0
4400367;01/01/2021;6;6;6;0;0;0;0;0;0;0;0;0;0;0;1;1;0;0;0;0
4400481;01/06/2021;6;6;6;4;0;4;0;0;0;0;0;0;0;0;1;1;0,666666667;0;0;0
4400655;01/09/2021;10;10;10;2;0;2;0;0;0;0;0;0;0;0;1;1;0,2;0;0;0
4400049;01/09/2021;4;4;4;2;0;2;0;0;0;0;0;0;0;0;1;1;0,5;0;0;0
4400614;01/05/2021;4;4;4;4;0;4;2;2;0;4284;0;4284;4284;4284;1;1;1;0,5;0,5;0,5
4400804;01/04/2021;6;6;6;4;2;2;0;0;0;0;0;0;0;0;1;1;0,333333333;0;0;0
4400592;01/02/2021;8;8;8;2;0;2;0;0;0;0;0;0;0;0;1;1;0,25;0;0;0
4400068;01/07/2021;2;2;2;2;0;2;0;0;0;0;0;0;0;0;1;1;1;0;0;0
4400893;01/07/2021;56;56;56;20;0;20;0;0;0;0;0;0;0;0;1;1;0,357142857;0;0;0
4400297;01/06/2021;28;28;28;14;0;14;4;4;0;7158;0;7158;3579;3579;1;1;0,5;0,285714286;0,285714286;0,142857143
4400876;01/01/2021;22;22;22;10;0;10;2;2;0;2200;0;2200;2200;2200;1;1;0,454545455;0,2;0,2;0,090909091
4400483;01/08/2021;8;8;8;2;0;2;0;0;0;0;0;0;0;0;1;1;0,25;0;0;0
4400188;01/07/2021;14;14;14;8;0;8;0;0;0;0;0;0;0;0;1;1;0,571428571;0;0;0
4400043;01/02/2021;36;36;36;14;2;12;0;0;0;0;0;0;0;0;1;1;0,333333333;0;0;0
4400609;01/04/2021;22;22;22;14;0;14;4;4;0;9060;0;9060;4530;4530;1;1;0,636363636;0,285714286;0,285714286;0,181818182
4400202;01/01/2021;36;36;36;18;8;10;4;4;0;6338;0;6338;3169;3169;1;1;0,277777778;0,4;0,4;0,111111111
4400202;01/09/2021;18;18;18;12;0;12;0;0;0;0;0;0;0;0;1;1;0,666666667;0;0;0
4400200;01/01/2021;14;14;14;8;0;8;4;4;0;7226;0;7226;3613;3613;1;1;0,571428571;0,5;0,5;0,285714286
4400828;01/09/2021;12;12;12;10;0;10;4;4;0;4924;0;4924;2462;2462;1;1;0,833333333;0,4;0,4;0,333333333
4400429;01/05/2021;10;10;10;6;0;6;4;4;0;7086;0;7086;3543;3543;1;1;0,6;0,666666667;0,666666667;0,4
4400456;01/06/2021;6;6;6;4;0;4;0;0;0;0;0;0;0;0;1;1;0,666666667;0;0;0
4400133;01/06/2021;14;14;14;6;0;6;0;0;0;0;0;0;0;0;1;1;0,428571429;0;0;0
4400075;01/09/2021;10;10;10;8;2;6;2;2;0;3124;0;3124;3124;3124;1;1;0,6;0,333333333;0,333333333;0,2
4400552;01/01/2021;14;14;14;8;2;6;0;0;0;0;0;0;0;0;1;1;0,428571429;0;0;0
4400695;01/05/2021;6;6;6;4;2;2;2;2;0;2604;0;2604;2604;2604;1;1;0,333333333;1;1;0,333333333
4400536;01/08/2021;16;16;16;10;0;10;4;4;0;18730;0;18730;9365;9365;1;1;0,625;0,4;0,4;0,25
4400041;01/04/2021;4;4;4;2;2;0;0;0;0;0;0;0;0;0;1;1;0;0;0;0
4400304;01/06/2021;10;10;10;8;2;6;4;4;0;6060;0;6060;3030;3030;1;1;0,6;0,666666667;0,666666667;0,4
4400267;01/01/2021;4;4;4;4;2;2;0;0;0;0;0;0;0;0;1;1;0,5;0;0;0
4400761;01/03/2021;18;18;18;10;2;8;2;2;0;1824;0;1824;1824;1824;1;1;0,444444444;0,25;0,25;0,111111111
4400858;01/08/2021;8;8;8;4;2;2;0;0;0;0;0;0;0;0;1;1;0,25;0;0;0
4400601;01/07/2021;6;6;6;2;0;2;0;0;0;0;0;0;0;0;1;1;0,333333333;0;0;0
4400498;01/02/2021;2;2;2;0;0;0;0;0;0;0;0;0;0;0;1;1;0;0;0;0
4400121;01/01/2021;4;4;4;2;0;2;0;0;0;0;0;0;0;0;1;1;0,5;0;0;0
4400284;01/02/2021;2;2;2;2;0;2;0;0;0;0;0;0;0;0;1;1;1;0;0;0
4400148;01/02/2021;2;2;2;2;2;0;0;0;0;0;0;0;0;0;1;1;0;0;0;0
4400303;01/07/2021;2;2;2;2;0;2;2;2;0;0;0;0;0;0;1;1;1;1;1;1
4400112;01/01/2021;22;22;22;18;6;12;2;2;0;8812;0;8812;8812;8812;1;1;0,545454545;0,166666667;0,166666667;0,090909091
4400128;01/08/2021;24;24;24;18;2;16;6;6;0;12024;0;12024;4008;4008;1;1;0,666666667;0,375;0,375;0,25
4400846;01/09/2021;14;14;14;8;0;8;6;6;0;23320;0;23320;7773,333334;7773,333334;1;1;0,571428571;0,75;0,75;0,428571429
4400293;01/07/2021;2;2;2;2;0;2;2;2;0;4498;0;4498;4498;4498;1;1;1;1;1;1
4400177;01/09/2021;8;8;8;2;0;2;0;0;0;0;0;0;0;0;1;1;0,25;0;0;0
4400192;01/02/2021;18;18;18;16;4;12;8;8;0;15960;0;15960;3990;3990;1;1;0,666666667;0,666666667;0,666666667;0,444444444
4400688;01/06/2021;12;12;12;10;2;8;2;2;0;3650;0;3650;3650;3650;1;1;0,666666667;0,25;0,25;0,166666667
4400325;01/02/2021;22;22;22;22;10;12;4;4;0;6408;0;6408;3204;3204;1;1;0,545454545;0,333333333;0,333333333;0,181818182
4400181;01/08/2021;16;16;16;12;4;8;6;6;0;11222;0;11222;3740,666666;3740,666666;1;1;0,5;0,75;0,75;0,375
4400851;01/08/2021;2;2;2;2;2;0;0;0;0;0;0;0;0;0;1;1;0;0;0;0
4400380;01/09/2021;26;26;26;22;4;18;4;4;0;7824;0;7824;3912;3912;1;1;0,692307692;0,222222222;0,222222222;0,153846154
4400801;01/01/2021;14;14;14;8;0;8;2;2;0;7036;0;7036;7036;7036;1;1;0,571428571;0,25;0,25;0,142857143
4400421;01/07/2021;22;22;22;14;6;8;2;2;0;4530;0;4530;4530;4530;1;1;0,363636364;0,25;0,25;0,090909091
4400353;01/03/2021;6;6;6;6;2;4;0;0;0;0;0;0;0;0;1;1;0,666666667;0;0;0
4400221;01/05/2021;6;6;6;6;0;6;2;0;2;5344;5344;0;5344;0;1;1;1;0,333333333;0;0
4400079;01/03/2021;2;2;2;2;0;2;0;0;0;0;0;0;0;0;1;1;1;0;0;0
4400663;01/03/2021;18;18;18;8;2;6;2;2;0;3810;0;3810;3810;3810;1;1;0,333333333;0,333333333;0,333333333;0,111111111
4400672;01/09/2021;8;8;8;6;0;6;0;0;0;0;0;0;0;0;1;1;0,75;0;0;0
4400489;01/05/2021;14;14;14;10;6;4;2;2;0;3720;0;3720;3720;3720;1;1;0,285714286;0,5;0,5;0,142857143
4400088;01/02/2021;16;16;16;16;2;14;2;2;0;3744;0;3744;3744;3744;1;1;0,875;0,142857143;0,142857143;0,125
4400207;01/09/2021;6;6;6;4;0;4;0;0;0;0;0;0;0;0;1;1;0,666666667;0;0;0
4400903;01/07/2021;4;4;4;0;0;0;0;0;0;0;0;0;0;0;1;1;0;0;0;0
4400287;01/01/2021;24;24;24;10;0;10;4;4;0;9242;0;9242;4621;4621;1;1;0,416666667;0,4;0,4;0,166666667
4400532;01/09/2021;20;20;20;14;4;10;6;6;0;10040;0;10040;3346,666666;3346,666666;1;1;0,5;0,6;0,6;0,3
4400355;01/06/2021;18;18;18;10;4;6;2;2;0;10796;0;10796;10796;10796;1;1;0,333333333;0,333333333;0,333333333;0,111111111
4400744;01/07/2021;4;4;4;2;2;0;0;0;0;0;0;0;0;0;1;1;0;0;0;0
4400547;01/01/2021;22;22;18;12;4;8;6;4;2;11434;4406;7028;3811,333334;3514;1;0,818181818;0,444444444;0,75;0,5;0,181818182
4400576;01/01/2021;10;10;10;8;0;8;2;2;0;3740;0;3740;3740;3740;1;1;0,8;0,25;0,25;0,2
4400430;01/02/2021;18;18;18;8;2;6;4;4;0;9640;0;9640;4820;4820;1;1;0,333333333;0,666666667;0,666666667;0,222222222
4400146;01/09/2021;32;32;26;12;8;4;0;0;0;0;0;0;0;0;1;0,8125;0,153846154;0;0;0
4400244;01/03/2021;22;22;22;14;6;8;2;2;0;3442;0;3442;3442;3442;1;1;0,363636364;0,25;0,25;0,090909091
4400434;01/07/2021;14;14;14;10;0;10;2;2;0;5728;0;5728;5728;5728;1;1;0,714285714;0,2;0,2;0,142857143
4400287;01/09/2021;14;14;14;12;0;12;4;4;0;8040;0;8040;4020;4020;1;1;0,857142857;0,333333333;0,333333333;0,285714286
4400648;01/06/2021;2;2;2;2;0;2;0;0;0;0;0;0;0;0;1;1;1;0;0;0
4400135;01/01/2021;6;6;6;6;0;6;2;2;0;2500;0;2500;2500;2500;1;1;1;0,333333333;0,333333333;0,333333333
4400720;01/06/2021;12;12;12;12;2;10;2;2;0;3710;0;3710;3710;3710;1;1;0,833333333;0,2;0,2;0,166666667
4400010;01/05/2021;18;18;18;16;4;12;4;4;0;14986;0;14986;7493;7493;1;1;0,666666667;0,333333333;0,333333333;0,222222222
4400574;01/08/2021;18;18;18;12;4;8;0;0;0;0;0;0;0;0;1;1;0,444444444;0;0;0
4400773;01/02/2021;8;8;8;8;2;6;4;4;0;6756;0;6756;3378;3378;1;1;0,75;0,666666667;0,666666667;0,5
4400769;01/09/2021;2;2;2;2;0;2;0;0;0;0;0;0;0;0;1;1;1;0;0;0
4400678;01/08/2021;2;2;2;2;0;2;0;0;0;0;0;0;0;0;1;1;1;0;0;0
4400765;01/02/2021;12;12;12;12;2;10;2;2;0;2720;0;2720;2720;2720;1;1;0,833333333;0,2;0,2;0,166666667
4400842;01/09/2021;10;10;10;8;0;8;4;4;0;12536;0;12536;6268;6268;1;1;0,8;0,5;0,5;0,4
4400178;01/07/2021;10;10;10;4;0;4;0;0;0;0;0;0;0;0;1;1;0,4;0;0;0
4400309;01/08/2021;4;4;4;4;0;4;2;2;0;3010;0;3010;3010;3010;1;1;1;0,5;0,5;0,5
4400149;01/09/2021;14;14;14;14;0;14;4;4;0;10016;0;10016;5008;5008;1;1;1;0,285714286;0,285714286;0,285714286
4400523;01/02/2021;18;18;18;18;6;12;6;6;0;19008;0;19008;6336;6336;1;1;0,666666667;0,5;0,5;0,333333333
4400873;01/03/2021;10;10;10;10;0;10;6;6;0;10776;0;10776;3592;3592;1;1;1;0,6;0,6;0,6
4400888;01/01/2021;2;2;0;0;0;0;0;0;0;0;0;0;0;0;1;0;0;0;0;0
4400720;01/07/2021;2;2;2;2;2;0;0;0;0;0;0;0;0;0;1;1;0;0;0;0
4400819;01/02/2021;24;24;24;20;0;20;8;8;0;11312;0;11312;2828;2828;1;1;0,833333333;0,4;0,4;0,333333333
4400669;01/09/2021;2;0;0;0;0;0;0;0;0;0;0;0;0;0;0;0;0;0;0;0
4400128;01/03/2021;18;18;18;16;4;12;4;2;2;4614;2880;1734;2307;1734;1;1;0,666666667;0,333333333;0,166666667;0,111111111
4400596;01/05/2021;14;14;14;12;4;8;2;2;0;2590;0;2590;2590;2590;1;1;0,571428571;0,25;0,25;0,142857143
4400900;01/07/2021;12;12;12;8;0;8;0;0;0;0;0;0;0;0;1;1;0,666666667;0;0;0
4400169;01/01/2021;16;16;16;16;0;16;2;2;0;3218;0;3218;3218;3218;1;1;1;0,125;0,125;0,125
4400613;01/04/2021;8;8;8;4;0;4;0;0;0;0;0;0;0;0;1;1;0,5;0;0;0
4400826;01/08/2021;10;10;10;6;2;4;0;0;0;0;0;0;0;0;1;1;0,4;0;0;0
4400306;01/08/2021;4;4;4;2;0;2;0;0;0;0;0;0;0;0;1;1;0,5;0;0;0
4400427;01/07/2021;14;14;14;14;4;10;4;4;0;5180;0;5180;2590;2590;1;1;0,714285714;0,4;0,4;0,285714286
4400871;01/03/2021;16;16;16;8;0;8;4;4;0;11576;0;11576;5788;5788;1;1;0,5;0,5;0,5;0,25
4400554;01/05/2021;24;24;24;14;2;12;4;4;0;4720;0;4720;2360;2360;1;1;0,5;0,333333333;0,333333333;0,166666667
4400064;01/01/2021;18;18;18;4;0;4;0;0;0;0;0;0;0;0;1;1;0,222222222;0;0;0
4400802;01/02/2021;2;2;2;2;0;2;2;2;0;1322;0;1322;1322;1322;1;1;1;1;1;1
4400076;01/09/2021;10;10;10;2;0;2;0;0;0;0;0;0;0;0;1;1;0,2;0;0;0
4400130;01/01/2021;8;8;8;2;0;2;0;0;0;0;0;0;0;0;1;1;0,25;0;0;0
4400006;01/01/2021;18;18;18;6;0;6;2;2;0;2768;0;2768;2768;2768;1;1;0,333333333;0,333333333;0,333333333;0,111111111
4400249;01/03/2021;22;22;22;8;4;4;0;0;0;0;0;0;0;0;1;1;0,181818182;0;0;0
4400791;01/05/2021;4;4;4;4;2;2;0;0;0;0;0;0;0;0;1;1;0,5;0;0;0
4400881;01/01/2021;12;12;12;12;0;12;4;2;2;7696;2738;4958;3848;4958;1;1;1;0,333333333;0,166666667;0,166666667
4400433;01/09/2021;6;6;6;6;6;0;0;0;0;0;0;0;0;0;1;1;0;0;0;0
4400230;01/03/2021;2;2;2;2;2;0;0;0;0;0;0;0;0;0;1;1;0;0;0;0
4400500;01/01/2021;2;2;2;0;0;0;0;0;0;0;0;0;0;0;1;1;0;0;0;0
4400517;01/02/2021;2;2;2;0;0;0;0;0;0;0;0;0;0;0;1;1;0;0;0;0
4400459;01/02/2021;20;20;20;16;6;10;2;2;0;5158;0;5158;5158;5158;1;1;0,5;0,2;0,2;0,1
4400427;01/04/2021;24;24;24;22;2;20;4;4;0;6872;0;6872;3436;3436;1;1;0,833333333;0,2;0,2;0,166666667
4400510;01/07/2021;16;16;16;12;4;8;0;0;0;0;0;0;0;0;1;1;0,5;0;0;0
4400451;01/07/2021;16;16;16;16;10;6;0;0;0;0;0;0;0;0;1;1;0,375;0;0;0
4400150;01/07/2021;64;64;64;52;4;48;14;12;2;19206;2450;16756;2743,714286;2792,666666;1;1;0,75;0,291666667;0,25;0,1875
4400292;01/09/2021;40;40;40;32;6;26;8;6;2;16816;3460;13356;4204;4452;1;1;0,65;0,307692308;0,230769231;0,15
4400376;01/08/2021;50;50;50;44;2;42;16;16;0;29996;0;29996;3749,5;3749,5;1;1;0,84;0,380952381;0,380952381;0,32
4400005;01/02/2021;2;2;2;2;0;2;0;0;0;0;0;0;0;0;1;1;1;0;0;0
4400344;01/08/2021;4;4;4;4;0;4;0;0;0;0;0;0;0;0;1;1;1;0;0;0
4400867;01/09/2021;54;54;54;38;4;34;16;16;0;40034;0;40034;5004,25;5004,25;1;1;0,62962963;0,470588235;0,470588235;0,296296296
4400192;01/09/2021;42;42;42;42;6;36;10;10;0;15956;0;15956;3191,2;3191,2;1;1;0,857142857;0,277777778;0,277777778;0,238095238
4400589;01/04/2021;30;30;30;24;4;20;8;8;0;11288;0;11288;2822;2822;1;1;0,666666667;0,4;0,4;0,266666667
4400537;01/02/2021;36;36;36;30;2;28;8;8;0;11404;0;11404;2851;2851;1;1;0,777777778;0,285714286;0,285714286;0,222222222
4400539;01/06/2021;12;12;12;10;2;8;0;0;0;0;0;0;0;0;1;1;0,666666667;0;0;0
4400232;01/06/2021;4;4;4;2;0;2;2;2;0;3378;0;3378;3378;3378;1;1;0,5;1;1;0,5
4400384;01/05/2021;50;48;48;36;6;30;12;12;0;31580;0;31580;5263,333334;5263,333334;0,96;1;0,625;0,4;0,4;0,24
4400874;01/02/2021;4;4;4;4;0;4;2;2;0;18502;0;18502;18502;18502;1;1;1;0,5;0,5;0,5
4400709;01/06/2021;6;6;6;6;0;6;4;4;0;16994;0;16994;8497;8497;1;1;1;0,666666667;0,666666667;0,666666667
4400561;01/09/2021;18;18;18;16;2;14;10;10;0;16720;0;16720;3344;3344;1;1;0,777777778;0,714285714;0,714285714;0,555555556
4400655;01/09/2021;6;6;6;6;2;4;4;4;0;6016;0;6016;3008;3008;1;1;0,666666667;1;1;0,666666667
4400059;01/08/2021;20;20;20;20;4;16;4;4;0;10356;0;10356;5178;5178;1;1;0,8;0,25;0,25;0,2
4400810;01/05/2021;16;16;16;16;6;10;8;8;0;42894;0;42894;10723,5;10723,5;1;1;0,625;0,8;0,8;0,5
4400716;01/01/2021;10;10;10;10;0;10;4;4;0;6740;0;6740;3370;3370;1;1;1;0,4;0,4;0,4
4400082;01/05/2021;12;12;12;10;0;10;2;2;0;5924;0;5924;5924;5924;1;1;0,833333333;0,2;0,2;0,166666667
4400576;01/03/2021;14;14;14;14;0;14;6;6;0;14640;0;14640;4880;4880;1;1;1;0,428571429;0,428571429;0,428571429
4400347;01/01/2021;16;16;16;16;4;12;0;0;0;0;0;0;0;0;1;1;0,75;0;0;0
4400911;01/03/2021;22;22;22;16;0;16;10;8;2;22780;3894;18886;4556;4721,5;1;1;0,727272727;0,625;0,5;0,363636364
4400678;01/06/2021;16;16;14;12;0;12;0;0;0;0;0;0;0;0;1;0,875;0,857142857;0;0;0
4400204;01/05/2021;20;20;20;18;0;18;2;2;0;4940;0;4940;4940;4940;1;1;0,9;0,111111111;0,111111111;0,1
4400317;01/03/2021;2;2;2;2;0;2;0;0;0;0;0;0;0;0;1;1;1;0;0;0
4400633;01/03/2021;12;12;12;12;0;12;4;4;0;4192;0;4192;2096;2096;1;1;1;0,333333333;0,333333333;0,333333333
4400563;01/01/2021;20;20;20;18;0;18;4;2;2;6854;4084;2770;3427;2770;1;1;0,9;0,222222222;0,111111111;0,1
4400482;01/02/2021;2;2;2;2;2;0;0;0;0;0;0;0;0;0;1;1;0;0;0;0
4400398;01/02/2021;8;8;8;4;0;4;2;2;0;9762;0;9762;9762;9762;1;1;0,5;0,5;0,5;0,25
4400459;01/01/2021;2;2;2;2;0;2;2;2;0;14006;0;14006;14006;14006;1;1;1;1;1;1
4400113;01/02/2021;12;12;12;10;0;10;0;0;0;0;0;0;0;0;1;1;0,833333333;0;0;0
4400539;01/02/2021;48;48;48;34;2;32;4;2;2;4014;1308;2706;2007;2706;1;1;0,666666667;0,125;0,0625;0,041666667
4400780;01/08/2021;24;24;24;14;0;14;0;0;0;0;0;0;0;0;1;1;0,583333333;0;0;0
4400418;01/05/2021;38;38;38;24;8;16;0;0;0;0;0;0;0;0;1;1;0,421052632;0;0;0
4400736;01/02/2021;50;50;50;28;4;24;0;0;0;0;0;0;0;0;1;1;0,48;0;0;0
4400017;01/05/2021;38;38;38;26;12;14;0;0;0;0;0;0;0;0;1;1;0,368421053;0;0;0
4400498;01/02/2021;30;30;30;22;6;16;2;2;0;2666;0;2666;2666;2666;1;1;0,533333333;0,125;0,125;0,066666667
4400107;01/09/2021;24;24;24;6;0;6;0;0;0;0;0;0;0;0;1;1;0,25;0;0;0
4400524;01/07/2021;40;40;40;28;4;24;2;2;0;2766;0;2766;2766;2766;1;1;0,6;0,083333333;0,083333333;0,05
4400295;01/09/2021;26;26;26;20;2;18;14;14;0;26786;0;26786;3826,571428;3826,571428;1;1;0,692307692;0,777777778;0,777777778;0,538461538
4400176;01/04/2021;32;32;32;28;8;20;4;4;0;7494;0;7494;3747;3747;1;1;0,625;0,2;0,2;0,125
4400722;01/07/2021;20;20;20;18;2;16;4;4;0;6874;0;6874;3437;3437;1;1;0,8;0,25;0,25;0,2
4400606;01/05/2021;4;4;4;2;0;2;0;0;0;0;0;0;0;0;1;1;0,5;0;0;0
4400129;01/06/2021;2;2;2;0;0;0;0;0;0;0;0;0;0;0;1;1;0;0;0;0
4400656;01/05/2021;10;10;10;10;0;10;4;4;0;6338;0;6338;3169;3169;1;1;1;0,4;0,4;0,4
4400023;01/06/2021;8;8;8;8;2;6;2;2;0;2664;0;2664;2664;2664;1;1;0,75;0,333333333;0,333333333;0,25
4400421;01/06/2021;18;18;18;18;2;16;6;6;0;11488;0;11488;3829,333334;3829,333334;1;1;0,888888889;0,375;0,375;0,333333333
4400176;01/02/2021;20;20;20;18;0;18;4;4;0;10950;0;10950;5475;5475;1;1;0,9;0,222222222;0,222222222;0,2
4400809;01/02/2021;2;2;2;2;0;2;0;0;0;0;0;0;0;0;1;1;1;0;0;0
4400570;01/07/2021;20;18;18;10;0;10;4;4;0;8398;0;8398;4199;4199;0,9;1;0,555555556;0,4;0,4;0,2
4400577;01/02/2021;16;16;16;8;0;8;2;2;0;4768;0;4768;4768;4768;1;1;0,5;0,25;0,25;0,125
4400316;01/01/2021;2;2;2;0;0;0;0;0;0;0;0;0;0;0;1;1;0;0;0;0
4400209;01/03/2021;2;2;2;0;0;0;0;0;0;0;0;0;0;0;1;1;0;0;0;0
4400422;01/01/2021;12;12;12;0;0;0;0;0;0;0;0;0;0;0;1;1;0;0;0;0
4400117;01/04/2021;10;10;10;4;0;4;0;0;0;0;0;0;0;0;1;1;0,4;0;0;0
4400787;01/04/2021;24;24;24;4;0;4;2;2;0;3486;0;3486;3486;3486;1;1;0,166666667;0,5;0,5;0,083333333
4400613;01/06/2021;12;12;12;2;0;2;0;0;0;0;0;0;0;0;1;1;0,166666667;0;0;0
4400059;01/08/2021;8;8;6;2;0;2;0;0;0;0;0;0;0;0;1;0,75;0,333333333;0;0;0
4400872;01/02/2021;14;14;14;4;0;4;0;0;0;0;0;0;0;0;1;1;0,285714286;0;0;0
4400467;01/06/2021;8;8;8;2;0;2;0;0;0;0;0;0;0;0;1;1;0,25;0;0;0
4400598;01/06/2021;16;16;16;14;2;12;6;6;0;11420;0;11420;3806,666666;3806,666666;1;1;0,75;0,5;0,5;0,375
4400003;01/02/2021;18;18;18;18;2;16;6;6;0;10738;0;10738;3579,333334;3579,333334;1;1;0,888888889;0,375;0,375;0,333333333
4400180;01/03/2021;12;12;12;12;2;10;4;2;2;4910;2228;2682;2455;2682;1;1;0,833333333;0,4;0,2;0,166666667
4400263;01/01/2021;2;2;2;2;0;2;0;0;0;0;0;0;0;0;1;1;1;0;0;0
4400857;01/01/2021;12;12;12;12;0;12;4;4;0;5942;0;5942;2971;2971;1;1;1;0,333333333;0,333333333;0,333333333
4400596;01/02/2021;26;26;26;24;0;24;4;4;0;8640;0;8640;4320;4320;1;1;0,923076923;0,166666667;0,166666667;0,153846154
4400371;01/01/2021;16;16;16;10;2;8;2;2;0;3124;0;3124;3124;3124;1;1;0,5;0,25;0,25;0,125
4400543;01/03/2021;2;2;2;2;0;2;0;0;0;0;0;0;0;0;1;1;1;0;0;0
4400694;01/07/2021;2;2;2;2;2;0;0;0;0;0;0;0;0;0;1;1;0;0;0;0
4400840;01/06/2021;32;32;24;22;4;18;2;2;0;6088;0;6088;6088;6088;1;0,75;0,75;0,111111111;0,111111111;0,0625
4400684;01/05/2021;14;14;14;10;0;10;0;0;0;0;0;0;0;0;1;1;0,714285714;0;0;0
4400672;01/09/2021;18;18;18;16;0;16;4;4;0;13142;0;13142;6571;6571;1;1;0,888888889;0,25;0,25;0,222222222
4400597;01/04/2021;6;6;6;2;0;2;2;2;0;7634;0;7634;7634;7634;1;1;0,333333333;1;1;0,333333333
4400843;01/09/2021;2;2;2;2;0;2;2;2;0;4312;0;4312;4312;4312;1;1;1;1;1;1
4400302;01/02/2021;20;20;20;18;0;18;10;10;0;22460;0;22460;4492;4492;1;1;0,9;0,555555556;0,555555556;0,5
4400165;01/05/2021;10;10;10;6;0;6;0;0;0;0;0;0;0;0;1;1;0,6;0;0;0
4400717;01/04/2021;12;12;12;12;0;12;2;2;0;1840;0;1840;1840;1840;1;1;1;0,166666667;0,166666667;0,166666667
4400823;01/03/2021;12;12;12;10;0;10;6;6;0;18414;0;18414;6138;6138;1;1;0,833333333;0,6;0,6;0,5
4400516;01/03/2021;2;2;2;2;0;2;2;2;0;2846;0;2846;2846;2846;1;1;1;1;1;1
4400527;01/07/2021;18;18;18;12;0;12;4;4;0;8730;0;8730;4365;4365;1;1;0,666666667;0,333333333;0,333333333;0,222222222
4400285;01/02/2021;4;4;4;0;0;0;0;0;0;0;0;0;0;0;1;1;0;0;0;0
4400761;01/09/2021;18;18;18;14;0;14;2;2;0;7610;0;7610;7610;7610;1;1;0,777777778;0,142857143;0,142857143;0,111111111
4400750;01/03/2021;22;22;22;22;4;18;6;6;0;12158;0;12158;4052,666666;4052,666666;1;1;0,818181818;0,333333333;0,333333333;0,272727273
4400421;01/06/2021;2;2;2;0;0;0;0;0;0;0;0;0;0;0;1;1;0;0;0;0
4400211;01/03/2021;16;16;16;16;2;14;10;10;0;29446;0;29446;5889,2;5889,2;1;1;0,875;0,714285714;0,714285714;0,625
4400119;01/08/2021;2;2;2;2;0;2;0;0;0;0;0;0;0;0;1;1;1;0;0;0
4400276;01/01/2021;12;12;12;10;2;8;0;0;0;0;0;0;0;0;1;1;0,666666667;0;0;0
4400713;01/09/2021;22;22;22;16;2;14;2;2;0;7146;0;7146;7146;7146;1;1;0,636363636;0,142857143;0,142857143;0,090909091
4400554;01/08/2021;18;18;18;16;0;16;10;10;0;18298;0;18298;3659,6;3659,6;1;1;0,888888889;0,625;0,625;0,555555556
4400574;01/02/2021;2;2;2;2;0;2;0;0;0;0;0;0;0;0;1;1;1;0;0;0
4400878;01/07/2021;2;2;2;2;0;2;0;0;0;0;0;0;0;0;1;1;1;0;0;0
4400317;01/03/2021;10;10;10;8;2;6;2;2;0;4572;0;4572;4572;4572;1;1;0,6;0,333333333;0,333333333;0,2
4400236;01/03/2021;8;8;8;8;0;8;6;6;0;10164;0;10164;3388;3388;1;1;1;0,75;0,75;0,75
4400885;01/01/2021;2;2;2;2;0;2;0;0;0;0;0;0;0;0;1;1;1;0;0;0
4400855;01/01/2021;6;6;4;4;0;4;2;2;0;5580;0;5580;5580;5580;1;0,666666667;1;0,5;0,5;0,333333333
4400125;01/08/2021;6;6;6;4;0;4;0;0;0;0;0;0;0;0;1;1;0,666666667;0;0;0
4400863;01/06/2021;6;6;6;6;2;4;4;4;0;5602;0;5602;2801;2801;1;1;0,666666667;1;1;0,666666667
4400812;01/08/2021;6;6;6;6;0;6;2;2;0;1582;0;1582;1582;1582;1;1;1;0,333333333;0,333333333;0,333333333
4400509;01/05/2021;2;2;2;2;0;2;0;0;0;0;0;0;0;0;1;1;1;0;0;0
4400867;01/05/2021;2;2;2;2;2;0;0;0;0;0;0;0;0;0;1;1;0;0;0;0
4400094;01/02/2021;4;4;4;2;0;2;2;2;0;2972;0;2972;2972;2972;1;1;0,5;1;1;0,5
4400153;01/03/2021;2;2;2;2;0;2;2;2;0;5198;0;5198;5198;5198;1;1;1;1;1;1
4400238;01/08/2021;4;4;4;4;0;4;0;0;0;0;0;0;0;0;1;1;1;0;0;0
4400338;01/06/2021;2;2;2;2;0;2;0;0;0;0;0;0;0;0;1;1;1;0;0;0
4400283;01/08/2021;6;6;6;6;0;6;2;2;0;3876;0;3876;3876;3876;1;1;1;0,333333333;0,333333333;0,333333333
4400757;01/05/2021;8;8;8;4;0;4;0;0;0;0;0;0;0;0;1;1;0,5;0;0;0
4400727;01/04/2021;8;8;8;2;0;2;2;2;0;3128;0;3128;3128;3128;1;1;0,25;1;1;0,25
4400828;01/05/2021;2;2;2;0;0;0;0;0;0;0;0;0;0;0;1;1;0;0;0;0
4400024;01/09/2021;12;12;12;12;2;10;0;0;0;0;0;0;0;0;1;1;0,833333333;0;0;0
4400185;01/02/2021;6;6;6;2;0;2;2;2;0;2620;0;2620;2620;2620;1;1;0,333333333;1;1;0,333333333
4400642;01/03/2021;2;2;2;2;0;2;0;0;0;0;0;0;0;0;1;1;1;0;0;0
4400626;01/05/2021;12;12;12;12;0;12;2;2;0;2720;0;2720;2720;2720;1;1;1;0,166666667;0,166666667;0,166666667
4400727;01/06/2021;4;4;4;4;0;4;0;0;0;0;0;0;0;0;1;1;1;0;0;0
4400071;01/05/2021;8;8;8;8;0;8;4;4;0;9248;0;9248;4624;4624;1;1;1;0,5;0,5;0,5
4400669;01/09/2021;2;2;2;2;0;2;2;2;0;2898;0;2898;2898;2898;1;1;1;1;1;1
4400751;01/06/2021;14;12;12;8;0;8;4;4;0;5380;0;5380;2690;2690;0,857142857;1;0,666666667;0,5;0,5;0,285714286
4400820;01/09/2021;20;20;20;16;4;12;10;8;2;18794;4450;14344;3758,8;3586;1;1;0,6;0,833333333;0,666666667;0,4
4400140;01/08/2021;16;16;16;6;0;6;2;2;0;3052;0;3052;3052;3052;1;1;0,375;0,333333333;0,333333333;0,125
4400501;01/03/2021;10;10;10;8;4;4;0;0;0;0;0;0;0;0;1;1;0,4;0;0;0
4400738;01/01/2021;18;18;18;12;2;10;2;2;0;3668;0;3668;3668;3668;1;1;0,555555556;0,2;0,2;0,111111111
4400221;01/07/2021;30;30;30;24;14;10;2;2;0;2184;0;2184;2184;2184;1;1;0,333333333;0,2;0,2;0,066666667
4400441;01/07/2021;30;30;30;16;6;10;0;0;0;0;0;0;0;0;1;1;0,333333333;0;0;0
4400084;01/06/2021;12;12;12;8;2;6;0;0;0;0;0;0;0;0;1;1;0,5;0;0;0
4400706;01/02/2021;30;30;30;26;10;16;0;0;0;0;0;0;0;0;1;1;0,533333333;0;0;0
4400907;01/08/2021;12;12;10;10;4;6;2;2;0;4918;0;4918;4918;4918;1;0,833333333;0,6;0,333333333;0,333333333;0,166666667
4400692;01/04/2021;28;28;28;24;14;10;6;6;0;12958;0;12958;4319,333334;4319,333334;1;1;0,357142857;0,6;0,6;0,214285714
4400667;01/02/2021;32;32;30;24;6;18;6;4;2;7858;3232;4626;2619,333334;2313;1;0,9375;0,6;0,333333333;0,222222222;0,125
4400104;01/07/2021;24;24;20;18;8;10;4;2;2;8274;5650;2624;4137;2624;1;0,833333333;0,5;0,4;0,2;0,083333333
4400418;01/05/2021;2;2;2;0;0;0;0;0;0;0;0;0;0;0;1;1;0;0;0;0
4400571;01/05/2021;14;14;8;2;2;0;0;0;0;0;0;0;0;0;1;0,571428571;0;0;0;0
4400311;01/01/2021;16;16;16;14;2;12;6;6;0;11358;0;11358;3786;3786;1;1;0,75;0,5;0,5;0,375
4400851;01/07/2021;20;20;18;16;2;14;8;8;0;24278;0;24278;6069,5;6069,5;1;0,9;0,777777778;0,571428571;0,571428571;0,4
4400558;01/07/2021;6;6;4;2;2;0;0;0;0;0;0;0;0;0;1;0,666666667;0;0;0;0
4400399;01/09/2021;18;18;18;16;2;14;10;10;0;25784;0;25784;5156,8;5156,8;1;1;0,777777778;0,714285714;0,714285714;0,555555556
4400098;01/05/2021;20;20;20;14;0;14;4;4;0;9862;0;9862;4931;4931;1;1;0,7;0,285714286;0,285714286;0,2
4400523;01/05/2021;24;24;24;18;0;18;6;6;0;10894;0;10894;3631,333334;3631,333334;1;1;0,75;0,333333333;0,333333333;0,25
4400475;01/06/2021;22;22;22;18;2;16;6;6;0;12674;0;12674;4224,666666;4224,666666;1;1;0,727272727;0,375;0,375;0,272727273
4400662;01/03/2021;2;2;2;2;0;2;0;0;0;0;0;0;0;0;1;1;1;0;0;0
4400237;01/07/2021;16;16;16;14;0;14;6;6;0;8788;0;8788;2929,333334;2929,333334;1;1;0,875;0,428571429;0,428571429;0,375
4400332;01/03/2021;16;16;16;16;0;16;6;6;0;11446;0;11446;3815,333334;3815,333334;1;1;1;0,375;0,375;0,375
4400606;01/01/2021;10;10;10;8;0;8;0;0;0;0;0;0;0;0;1;1;0,8;0;0;0
4400359;01/06/2021;22;22;22;12;0;12;6;4;2;13738;9544;4194;4579,333334;2097;1;1;0,545454545;0,5;0,333333333;0,181818182
4400364;01/06/2021;16;16;16;16;4;12;2;2;0;2826;0;2826;2826;2826;1;1;0,75;0,166666667;0,166666667;0,125
4400712;01/08/2021;26;26;26;18;2;16;8;8;0;16506;0;16506;4126,5;4126,5;1;1;0,615384615;0,5;0,5;0,307692308
4400894;01/05/2021;22;22;22;16;0;16;4;4;0;7122;0;7122;3561;3561;1;1;0,727272727;0,25;0,25;0,181818182
4400044;01/02/2021;10;10;10;8;2;6;6;6;0;24404;0;24404;8134,666666;8134,666666;1;1;0,6;1;1;0,6
4400462;01/09/2021;2;2;2;0;0;0;0;0;0;0;0;0;0;0;1;1;0;0;0;0
4400868;01/06/2021;18;18;18;18;4;14;8;8;0;13858;0;13858;3464,5;3464,5;1;1;0,777777778;0,571428571;0,571428571;0,444444444
4400088;01/05/2021;20;20;20;18;0;18;6;6;0;16494;0;16494;5498;5498;1;1;0,9;0,333333333;0,333333333;0,3
4400583;01/09/2021;16;16;16;16;2;14;8;8;0;18026;0;18026;4506,5;4506,5;1;1;0,875;0,571428571;0,571428571;0,5
4400102;01/06/2021;2;2;2;2;0;2;2;2;0;5086;0;5086;5086;5086;1;1;1;1;1;1
4400682;01/06/2021;18;18;18;16;0;16;2;2;0;3686;0;3686;3686;3686;1;1;0,888888889;0,125;0,125;0,111111111
4400588;01/05/2021;16;16;16;14;4;10;2;2;0;14576;0;14576;14576;14576;1;1;0,625;0,2;0,2;0,125
4400643;01/08/2021;14;14;14;12;2;10;6;6;0;12026;0;12026;4008,666666;4008,666666;1;1;0,714285714;0,6;0,6;0,428571429
4400653;01/03/2021;2;2;2;0;0;0;0;0;0;0;0;0;0;0;1;1;0;0;0;0
4400486;01/05/2021;20;20;20;14;2;12;2;0;2;3882;3882;0;3882;0;1;1;0,6;0,166666667;0;0
4400319;01/03/2021;14;14;14;12;2;10;6;6;0;19836;0;19836;6612;6612;1;1;0,714285714;0,6;0,6;0,428571429
4400599;01/08/2021;18;18;18;18;2;16;4;4;0;4040;0;4040;2020;2020;1;1;0,888888889;0,25;0,25;0,222222222
4400823;01/08/2021;22;22;22;18;2;16;2;2;0;6106;0;6106;6106;6106;1;1;0,727272727;0,125;0,125;0,090909091
4400150;01/02/2021;2;2;2;0;0;0;0;0;0;0;0;0;0;0;1;1;0;0;0;0
4400735;01/09/2021;2;2;2;0;0;0;0;0;0;0;0;0;0;0;1;1;0;0;0;0
4400321;01/08/2021;14;14;14;12;0;12;4;4;0;12354;0;12354;6177;6177;1;1;0,857142857;0,333333333;0,333333333;0,285714286
4400382;01/07/2021;24;24;24;14;0;14;6;6;0;22404;0;22404;7468;7468;1;1;0,583333333;0,428571429;0,428571429;0,25
4400561;01/09/2021;10;10;10;6;0;6;4;4;0;4818;0;4818;2409;2409;1;1;0,6;0,666666667;0,666666667;0,4
4400888;01/07/2021;16;16;16;14;0;14;2;2;0;2918;0;2918;2918;2918;1;1;0,875;0,142857143;0,142857143;0,125
4400606;01/05/2021;2;2;2;0;0;0;0;0;0;0;0;0;0;0;1;1;0;0;0;0
4400401;01/03/2021;20;20;20;18;0;18;10;10;0;29384;0;29384;5876,8;5876,8;1;1;0,9;0,555555556;0,555555556;0,5
4400312;01/07/2021;10;10;10;10;0;10;2;2;0;3290;0;3290;3290;3290;1;1;1;0,2;0,2;0,2
4400568;01/06/2021;18;18;18;8;0;8;4;4;0;8290;0;8290;4145;4145;1;1;0,444444444;0,5;0,5;0,222222222
4400399;01/04/2021;2;2;2;2;0;2;0;0;0;0;0;0;0;0;1;1;1;0;0;0
4400306;01/03/2021;4;4;4;0;0;0;0;0;0;0;0;0;0;0;1;1;0;0;0;0
4400072;01/06/2021;12;12;12;8;0;8;4;4;0;6646;0;6646;3323;3323;1;1;0,666666667;0,5;0,5;0,333333333
4400321;01/04/2021;8;8;8;0;0;0;0;0;0;0;0;0;0;0;1;1;0;0;0;0
4400323;01/06/2021;2;2;2;0;0;0;0;0;0;0;0;0;0;0;1;1;0;0;0;0
4400554;01/01/2021;6;6;6;0;0;0;0;0;0;0;0;0;0;0;1;1;0;0;0;0
4400755;01/04/2021;10;10;10;4;0;4;0;0;0;0;0;0;0;0;1;1;0,4;0;0;0
4400308;01/06/2021;10;10;10;4;0;4;2;2;0;1672;0;1672;1672;1672;1;1;0,4;0,5;0,5;0,2
4400803;01/04/2021;4;4;2;2;0;2;2;2;0;2368;0;2368;2368;2368;1;0,5;1;1;1;0,5
4400618;01/08/2021;6;6;6;4;0;4;0;0;0;0;0;0;0;0;1;1;0,666666667;0;0;0
4400726;01/03/2021;6;6;6;4;2;2;0;0;0;0;0;0;0;0;1;1;0,333333333;0;0;0
4400631;01/04/2021;4;4;4;0;0;0;0;0;0;0;0;0;0;0;1;1;0;0;0;0
4400696;01/06/2021;20;20;20;14;2;12;6;6;0;12092;0;12092;4030,666666;4030,666666;1;1;0,6;0,5;0,5;0,3
4400101;01/04/2021;14;14;8;6;0;6;0;0;0;0;0;0;0;0;1;0,571428571;0,75;0;0;0
4400687;01/05/2021;4;4;4;2;2;0;0;0;0;0;0;0;0;0;1;1;0;0;0;0
4400443;01/05/2021;4;4;4;2;0;2;2;2;0;3242;0;3242;3242;3242;1;1;0,5;1;1;0,5
4400065;01/05/2021;18;18;18;14;2;12;0;0;0;0;0;0;0;0;1;1;0,666666667;0;0;0
4400514;01/07/2021;16;16;16;16;0;16;4;4;0;7928;0;7928;3964;3964;1;1;1;0,25;0,25;0,25
4400856;01/03/2021;8;8;8;6;0;6;2;2;0;6890;0;6890;6890;6890;1;1;0,75;0,333333333;0,333333333;0,25
4400216;01/06/2021;22;22;22;20;0;20;0;0;0;0;0;0;0;0;1;1;0,909090909;0;0;0
4400813;01/08/2021;24;22;18;18;2;16;0;0;0;0;0;0;0;0;0,916666667;0,818181818;0,888888889;0;0;0
4400647;01/05/2021;10;10;10;10;2;8;0;0;0;0;0;0;0;0;1;1;0,8;0;0;0
4400135;01/03/2021;12;12;12;12;2;10;2;2;0;3214;0;3214;3214;3214;1;1;0,833333333;0,2;0,2;0,166666667
4400841;01/09/2021;20;20;16;14;4;10;2;2;0;6792;0;6792;6792;6792;1;0,8;0,625;0,2;0,2;0,1
4400228;01/06/2021;20;20;20;16;0;16;12;12;0;35106;0;35106;5851;5851;1;1;0,8;0,75;0,75;0,6
4400343;01/08/2021;14;14;14;12;0;12;6;6;0;19192;0;19192;6397,333334;6397,333334;1;1;0,857142857;0,5;0,5;0,428571429
4400258;01/05/2021;16;16;16;16;2;14;8;8;0;21822;0;21822;5455,5;5455,5;1;1;0,875;0,571428571;0,571428571;0,5
4400224;01/04/2021;16;16;16;16;0;16;6;6;0;8320;0;8320;2773,333334;2773,333334;1;1;1;0,375;0,375;0,375
4400454;01/01/2021;16;16;16;14;2;12;6;6;0;10838;0;10838;3612,666666;3612,666666;1;1;0,75;0,5;0,5;0,375
4400180;01/09/2021;26;26;26;24;0;24;4;2;2;4090;2118;1972;2045;1972;1;1;0,923076923;0,166666667;0,083333333;0,076923077
4400158;01/09/2021;16;16;16;14;0;14;8;8;0;15790;0;15790;3947,5;3947,5;1;1;0,875;0,571428571;0,571428571;0,5
4400692;01/01/2021;22;22;22;18;2;16;6;6;0;9206;0;9206;3068,666666;3068,666666;1;1;0,727272727;0,375;0,375;0,272727273
4400438;01/06/2021;34;34;34;26;6;20;0;0;0;0;0;0;0;0;1;1;0,588235294;0;0;0
4400574;01/09/2021;26;26;26;18;4;14;4;4;0;7472;0;7472;3736;3736;1;1;0,538461538;0,285714286;0,285714286;0,153846154
4400014;01/02/2021;16;16;16;4;0;4;0;0;0;0;0;0;0;0;1;1;0,25;0;0;0
4400386;01/08/2021;22;22;22;16;0;16;4;4;0;7528;0;7528;3764;3764;1;1;0,727272727;0,25;0,25;0,181818182
4400123;01/02/2021;20;20;20;18;2;16;0;0;0;0;0;0;0;0;1;1;0,8;0;0;0
4400145;01/07/2021;18;18;18;18;4;14;0;0;0;0;0;0;0;0;1;1;0,777777778;0;0;0
4400157;01/03/2021;36;36;36;32;4;28;2;2;0;3866;0;3866;3866;3866;1;1;0,777777778;0,071428571;0,071428571;0,055555556
4400025;01/04/2021;22;22;22;14;2;12;0;0;0;0;0;0;0;0;1;1;0,545454545;0;0;0
4400749;01/01/2021;16;16;10;8;0;8;2;2;0;8046;0;8046;8046;8046;1;0,625;0,8;0,25;0,25;0,125
4400102;01/06/2021;6;6;6;0;0;0;0;0;0;0;0;0;0;0;1;1;0;0;0;0
4400418;01/09/2021;2;2;2;2;0;2;2;2;0;13530;0;13530;13530;13530;1;1;1;1;1;1
4400292;01/09/2021;2;2;2;2;2;0;0;0;0;0;0;0;0;0;1;1;0;0;0;0
4400305;01/09/2021;6;6;6;4;2;2;0;0;0;0;0;0;0;0;1;1;0,333333333;0;0;0
4400546;01/07/2021;8;8;8;6;0;6;0;0;0;0;0;0;0;0;1;1;0,75;0;0;0
4400664;01/02/2021;6;6;6;4;0;4;0;0;0;0;0;0;0;0;1;1;0,666666667;0;0;0
4400824;01/04/2021;6;6;6;6;2;4;0;0;0;0;0;0;0;0;1;1;0,666666667;0;0;0
4400558;01/01/2021;18;18;14;4;0;4;0;0;0;0;0;0;0;0;1;0,777777778;0,285714286;0;0;0
4400756;01/07/2021;22;22;22;10;4;6;2;2;0;9626;0;9626;9626;9626;1;1;0,272727273;0,333333333;0,333333333;0,090909091
4400405;01/01/2021;28;28;26;20;4;16;6;6;0;25318;0;25318;8439,333334;8439,333334;1;0,928571429;0,615384615;0,375;0,375;0,214285714
4400028;01/06/2021;20;20;20;10;4;6;4;4;0;8226;0;8226;4113;4113;1;1;0,3;0,666666667;0,666666667;0,2
4400666;01/04/2021;18;18;18;8;0;8;4;4;0;17568;0;17568;8784;8784;1;1;0,444444444;0,5;0,5;0,222222222
4400857;01/04/2021;20;20;20;12;2;10;2;2;0;5470;0;5470;5470;5470;1;1;0,5;0,2;0,2;0,1
4400905;01/05/2021;12;12;12;8;2;6;4;4;0;10094;0;10094;5047;5047;1;1;0,5;0,666666667;0,666666667;0,333333333
4400536;01/07/2021;20;20;18;12;0;12;0;0;0;0;0;0;0;0;1;0,9;0,666666667;0;0;0
4400686;01/05/2021;30;30;30;20;2;18;2;0;2;2424;2424;0;2424;0;1;1;0,6;0,111111111;0;0
4400277;01/09/2021;20;20;20;12;0;12;0;0;0;0;0;0;0;0;1;1;0,6;0;0;0
4400011;01/02/2021;14;14;14;6;0;6;0;0;0;0;0;0;0;0;1;1;0,428571429;0;0;0
4400813;01/04/2021;22;22;22;16;0;16;2;2;0;3490;0;3490;3490;3490;1;1;0,727272727;0,125;0,125;0,090909091
4400318;01/03/2021;22;22;22;12;0;12;6;6;0;11036;0;11036;3678,666666;3678,666666;1;1;0,545454545;0,5;0,5;0,272727273
4400453;01/03/2021;22;22;22;12;0;12;0;0;0;0;0;0;0;0;1;1;0,545454545;0;0;0
4400531;01/04/2021;16;16;16;10;0;10;0;0;0;0;0;0;0;0;1;1;0,625;0;0;0
4400156;01/07/2021;26;26;26;26;4;22;0;0;0;0;0;0;0;0;1;1;0,846153846;0;0;0
4400896;01/07/2021;24;24;24;18;0;18;2;2;0;4852;0;4852;4852;4852;1;1;0,75;0,111111111;0,111111111;0,083333333
4400220;01/06/2021;20;20;20;16;2;14;2;0;2;7794;7794;0;7794;0;1;1;0,7;0,142857143;0;0
4400349;01/01/2021;22;22;22;18;0;18;8;8;0;14166;0;14166;3541,5;3541,5;1;1;0,818181818;0,444444444;0,444444444;0,363636364
4400769;01/08/2021;4;4;4;2;0;2;0;0;0;0;0;0;0;0;1;1;0,5;0;0;0
4400170;01/02/2021;26;26;26;16;0;16;0;0;0;0;0;0;0;0;1;1;0,615384615;0;0;0
4400796;01/04/2021;30;30;30;22;6;16;2;2;0;6864;0;6864;6864;6864;1;1;0,533333333;0,125;0,125;0,066666667
4400289;01/02/2021;26;26;26;20;4;16;0;0;0;0;0;0;0;0;1;1;0,615384615;0;0;0
4400352;01/09/2021;14;14;14;14;6;8;2;2;0;7454;0;7454;7454;7454;1;1;0,571428571;0,25;0,25;0,142857143
4400329;01/01/2021;12;12;12;10;2;8;0;0;0;0;0;0;0;0;1;1;0,666666667;0;0;0
4400389;01/02/2021;10;10;10;8;2;6;2;2;0;6468;0;6468;6468;6468;1;1;0,6;0,333333333;0,333333333;0,2
4400169;01/06/2021;6;6;6;4;0;4;0;0;0;0;0;0;0;0;1;1;0,666666667;0;0;0
4400520;01/03/2021;12;12;12;6;2;4;0;0;0;0;0;0;0;0;1;1;0,333333333;0;0;0
4400166;01/03/2021;16;16;16;10;0;10;0;0;0;0;0;0;0;0;1;1;0,625;0;0;0
4400025;01/07/2021;10;10;10;6;0;6;0;0;0;0;0;0;0;0;1;1;0,6;0;0;0
4400551;01/03/2021;24;24;24;14;4;10;2;2;0;6852;0;6852;6852;6852;1;1;0,416666667;0,2;0,2;0,083333333
4400416;01/02/2021;12;12;12;8;0;8;2;2;0;7922;0;7922;7922;7922;1;1;0,666666667;0,25;0,25;0,166666667
4400739;01/04/2021;16;16;16;14;4;10;4;4;0;16532;0;16532;8266;8266;1;1;0,625;0,4;0,4;0,25
4400630;01/01/2021;10;10;10;10;2;8;2;2;0;4776;0;4776;4776;4776;1;1;0,8;0,25;0,25;0,2
4400853;01/05/2021;10;10;10;10;2;8;4;4;0;10628;0;10628;5314;5314;1;1;0,8;0,5;0,5;0,4
4400496;01/06/2021;4;4;4;4;0;4;2;2;0;7898;0;7898;7898;7898;1;1;1;0,5;0,5;0,5
4400347;01/01/2021;10;10;10;10;0;10;2;2;0;1674;0;1674;1674;1674;1;1;1;0,2;0,2;0,2
4400178;01/07/2021;18;18;18;16;8;8;2;2;0;4426;0;4426;4426;4426;1;1;0,444444444;0,25;0,25;0,111111111
4400681;01/05/2021;6;6;6;6;2;4;0;0;0;0;0;0;0;0;1;1;0,666666667;0;0;0
4400372;01/02/2021;4;4;4;2;0;2;2;2;0;9780;0;9780;9780;9780;1;1;0,5;1;1;0,5
4400806;01/09/2021;6;6;6;4;0;4;0;0;0;0;0;0;0;0;1;1;0,666666667;0;0;0
4400749;01/08/2021;12;12;12;8;2;6;2;2;0;4154;0;4154;4154;4154;1;1;0,5;0,333333333;0,333333333;0,166666667
4400907;01/03/2021;12;12;12;8;4;4;0;0;0;0;0;0;0;0;1;1;0,333333333;0;0;0
4400021;01/02/2021;10;10;10;8;4;4;0;0;0;0;0;0;0;0;1;1;0,4;0;0;0
4400287;01/06/2021;10;10;10;6;2;4;4;4;0;7860;0;7860;3930;3930;1;1;0,4;1;1;0,4
4400034;01/01/2021;12;12;12;10;2;8;0;0;0;0;0;0;0;0;1;1;0,666666667;0;0;0
4400550;01/03/2021;20;20;20;16;2;14;4;4;0;6002;0;6002;3001;3001;1;1;0,7;0,285714286;0,285714286;0,2
4400001;01/02/2021;12;12;12;12;2;10;2;2;0;2070;0;2070;2070;2070;1;1;0,833333333;0,2;0,2;0,166666667
4400878;01/09/2021;20;20;20;18;2;16;0;0;0;0;0;0;0;0;1;1;0,8;0;0;0
4400729;01/03/2021;12;12;12;8;0;8;0;0;0;0;0;0;0;0;1;1;0,666666667;0;0;0
4400277;01/09/2021;10;10;10;10;2;8;4;4;0;7250;0;7250;3625;3625;1;1;0,8;0,5;0,5;0,4
4400057;01/02/2021;2;2;2;2;0;2;2;2;0;5382;0;5382;5382;5382;1;1;1;1;1;1
4400305;01/06/2021;4;4;4;4;2;2;0;0;0;0;0;0;0;0;1;1;0,5;0;0;0
4400270;01/01/2021;12;12;12;12;6;6;2;2;0;4338;0;4338;4338;4338;1;1;0,5;0,333333333;0,333333333;0,166666667
4400273;01/05/2021;8;8;8;8;0;8;2;2;0;6842;0;6842;6842;6842;1;1;1;0,25;0,25;0,25
4400075;01/03/2021;10;10;10;6;0;6;2;2;0;3954;0;3954;3954;3954;1;1;0,6;0,333333333;0,333333333;0,2
4400436;01/05/2021;8;8;8;6;0;6;0;0;0;0;0;0;0;0;1;1;0,75;0;0;0
4400584;01/02/2021;22;22;18;16;6;10;0;0;0;0;0;0;0;0;1;0,818181818;0,555555556;0;0;0
4400469;01/04/2021;26;26;26;24;0;24;4;4;0;13144;0;13144;6572;6572;1;1;0,923076923;0,166666667;0,166666667;0,153846154
4400757;01/02/2021;24;24;24;24;2;22;8;8;0;11460;0;11460;2865;2865;1;1;0,916666667;0,363636364;0,363636364;0,333333333
4400686;01/02/2021;20;20;20;18;2;16;4;4;0;14838;0;14838;7419;7419;1;1;0,8;0,25;0,25;0,2
4400326;01/07/2021;4;4;4;0;0;0;0;0;0;0;0;0;0;0;1;1;0;0;0;0
4400767;01/02/2021;2;2;2;2;0;2;0;0;0;0;0;0;0;0;1;1;1;0;0;0
4400608;01/07/2021;14;14;14;12;0;12;4;4;0;8670;0;8670;4335;4335;1;1;0,857142857;0,333333333;0,333333333;0,285714286
4400657;01/01/2021;16;16;16;12;0;12;6;6;0;13182;0;13182;4394;4394;1;1;0,75;0,5;0,5;0,375
4400370;01/03/2021;12;12;12;8;0;8;8;8;0;19796;0;19796;4949;4949;1;1;0,666666667;1;1;0,666666667
4400798;01/08/2021;12;12;12;12;0;12;12;10;2;74914;27506;47408;12485,66667;9481,6;1;1;1;1;0,833333333;0,833333333
4400462;01/07/2021;2;2;2;0;0;0;0;0;0;0;0;0;0;0;1;1;0;0;0;0
4400253;01/05/2021;2;2;2;0;0;0;0;0;0;0;0;0;0;0;1;1;0;0;0;0
4400338;01/08/2021;12;12;12;8;0;8;2;2;0;2816;0;2816;2816;2816;1;1;0,666666667;0,25;0,25;0,166666667
4400775;01/05/2021;8;8;8;8;2;6;2;2;0;2790;0;2790;2790;2790;1;1;0,75;0,333333333;0,333333333;0,25
4400480;01/09/2021;4;4;4;4;0;4;0;0;0;0;0;0;0;0;1;1;1;0;0;0
4400768;01/03/2021;4;4;4;2;0;2;2;2;0;8606;0;8606;8606;8606;1;1;0,5;1;1;0,5
4400108;01/04/2021;2;2;2;2;0;2;0;0;0;0;0;0;0;0;1;1;1;0;0;0
4400661;01/06/2021;4;4;4;4;0;4;4;4;0;6264;0;6264;3132;3132;1;1;1;1;1;1
4400292;01/07/2021;6;6;6;4;0;4;4;4;0;7610;0;7610;3805;3805;1;1;0,666666667;1;1;0,666666667
4400652;01/09/2021;4;4;4;4;0;4;2;2;0;5182;0;5182;5182;5182;1;1;1;0,5;0,5;0,5
4400736;01/07/2021;18;18;16;16;6;10;6;6;0;12158;0;12158;4052,666666;4052,666666;1;0,888888889;0,625;0,6;0,6;0,333333333
4400630;01/07/2021;2;2;2;2;0;2;2;2;0;5112;0;5112;5112;5112;1;1;1;1;1;1
4400027;01/06/2021;22;22;22;16;2;14;2;2;0;6746;0;6746;6746;6746;1;1;0,636363636;0,142857143;0,142857143;0,090909091
4400382;01/05/2021;16;16;16;12;0;12;2;2;0;7000;0;7000;7000;7000;1;1;0,75;0,166666667;0,166666667;0,125
4400467;01/02/2021;2;2;2;2;0;2;0;0;0;0;0;0;0;0;1;1;1;0;0;0
4400331;01/03/2021;24;24;24;18;10;8;0;0;0;0;0;0;0;0;1;1;0,333333333;0;0;0
4400066;01/01/2021;28;28;28;16;4;12;0;0;0;0;0;0;0;0;1;1;0,428571429;0;0;0
4400489;01/07/2021;12;12;12;6;2;4;2;2;0;3422;0;3422;3422;3422;1;1;0,333333333;0,5;0,5;0,166666667
4400880;01/01/2021;20;20;20;14;0;14;4;4;0;8246;0;8246;4123;4123;1;1;0,7;0,285714286;0,285714286;0,2
4400882;01/09/2021;16;16;16;12;0;12;4;2;2;8056;5672;2384;4028;2384;1;1;0,75;0,333333333;0,166666667;0,125
4400094;01/06/2021;14;14;14;12;4;8;4;4;0;7174;0;7174;3587;3587;1;1;0,571428571;0,5;0,5;0,285714286
4400831;01/09/2021;8;8;8;8;0;8;6;6;0;14404;0;14404;4801,333334;4801,333334;1;1;1;0,75;0,75;0,75
4400205;01/08/2021;2;2;2;2;0;2;0;0;0;0;0;0;0;0;1;1;1;0;0;0
4400175;01/07/2021;2;2;2;2;0;2;2;2;0;4706;0;4706;4706;4706;1;1;1;1;1;1
4400603;01/06/2021;2;2;2;2;0;2;0;0;0;0;0;0;0;0;1;1;1;0;0;0
4400595;01/09/2021;14;14;14;10;0;10;2;2;0;3244;0;3244;3244;3244;1;1;0,714285714;0,2;0,2;0,142857143
4400658;01/01/2021;14;14;14;14;4;10;0;0;0;0;0;0;0;0;1;1;0,714285714;0;0;0
4400352;01/08/2021;18;18;18;14;2;12;8;8;0;21310;0;21310;5327,5;5327,5;1;1;0,666666667;0,666666667;0,666666667;0,444444444
4400204;01/07/2021;4;4;4;4;0;4;0;0;0;0;0;0;0;0;1;1;1;0;0;0
4400909;01/02/2021;18;18;18;12;0;12;2;2;0;10812;0;10812;10812;10812;1;1;0,666666667;0,166666667;0,166666667;0,111111111
4400277;01/03/2021;16;16;16;16;0;16;10;10;0;20090;0;20090;4018;4018;1;1;1;0,625;0,625;0,625
4400826;01/01/2021;10;10;10;10;0;10;10;8;2;18524;3646;14878;3704,8;3719,5;1;1;1;1;0,8;0,8
4400570;01/07/2021;10;10;10;10;0;10;10;10;0;31540;0;31540;6308;6308;1;1;1;1;1;1
4400500;01/09/2021;14;14;14;14;4;10;4;4;0;10632;0;10632;5316;5316;1;1;0,714285714;0,4;0,4;0,285714286
4400731;01/07/2021;10;10;10;10;0;10;2;2;0;3314;0;3314;3314;3314;1;1;1;0,2;0,2;0,2
4400359;01/03/2021;18;18;18;16;2;14;6;6;0;8216;0;8216;2738,666666;2738,666666;1;1;0,777777778;0,428571429;0,428571429;0,333333333
4400057;01/05/2021;12;12;12;12;4;8;8;8;0;14786;0;14786;3696,5;3696,5;1;1;0,666666667;1;1;0,666666667
4400831;01/02/2021;2;2;2;2;0;2;2;2;0;5816;0;5816;5816;5816;1;1;1;1;1;1
4400286;01/06/2021;16;16;16;16;2;14;4;4;0;8776;0;8776;4388;4388;1;1;0,875;0,285714286;0,285714286;0,25
4400711;01/05/2021;14;14;14;4;0;4;0;0;0;0;0;0;0;0;1;1;0,285714286;0;0;0
4400617;01/06/2021;20;20;20;10;0;10;2;2;0;2386;0;2386;2386;2386;1;1;0,5;0,2;0,2;0,1
4400510;01/08/2021;6;6;6;2;0;2;0;0;0;0;0;0;0;0;1;1;0,333333333;0;0;0
4400822;01/03/2021;2;2;2;0;0;0;0;0;0;0;0;0;0;0;1;1;0;0;0;0
4400780;01/05/2021;2;2;2;2;0;2;0;0;0;0;0;0;0;0;1;1;1;0;0;0
4400172;01/09/2021;14;14;14;14;0;14;10;10;0;16728;0;16728;3345,6;3345,6;1;1;1;0,714285714;0,714285714;0,714285714
4400036;01/02/2021;14;14;14;14;2;12;4;4;0;7082;0;7082;3541;3541;1;1;0,857142857;0,333333333;0,333333333;0,285714286
4400027;01/07/2021;4;4;4;4;0;4;2;0;2;25602;25602;0;25602;0;1;1;1;0,5;0;0
4400555;01/03/2021;6;6;6;6;2;4;4;4;0;8572;0;8572;4286;4286;1;1;0,666666667;1;1;0,666666667
4400287;01/02/2021;14;14;14;12;0;12;10;8;2;20928;9328;11600;4185,6;2900;1;1;0,857142857;0,833333333;0,666666667;0,571428571
4400616;01/09/2021;8;8;8;8;0;8;4;4;0;14298;0;14298;7149;7149;1;1;1;0,5;0,5;0,5
4400767;01/01/2021;12;12;12;8;4;4;0;0;0;0;0;0;0;0;1;1;0,333333333;0;0;0
4400856;01/09/2021;20;20;20;18;2;16;0;0;0;0;0;0;0;0;1;1;0,8;0;0;0
4400612;01/04/2021;8;8;8;2;0;2;0;0;0;0;0;0;0;0;1;1;0,25;0;0;0
4400202;01/04/2021;2;2;2;2;0;2;2;2;0;2706;0;2706;2706;2706;1;1;1;1;1;1
4400360;01/06/2021;6;6;6;6;2;4;0;0;0;0;0;0;0;0;1;1;0,666666667;0;0;0
4400845;01/01/2021;4;4;4;2;2;0;0;0;0;0;0;0;0;0;1;1;0;0;0;0
4400728;01/06/2021;8;8;8;6;0;6;0;0;0;0;0;0;0;0;1;1;0,75;0;0;0
4400528;01/07/2021;10;10;10;8;4;4;2;2;0;2072;0;2072;2072;2072;1;1;0,4;0,5;0,5;0,2
4400041;01/08/2021;10;10;10;6;0;6;4;4;0;14562;0;14562;7281;7281;1;1;0,6;0,666666667;0,666666667;0,4
4400661;01/07/2021;6;6;6;0;0;0;0;0;0;0;0;0;0;0;1;1;0;0;0;0
4400425;01/09/2021;4;4;4;2;0;2;0;0;0;0;0;0;0;0;1;1;0,5;0;0;0
4400060;01/04/2021;28;28;28;14;2;12;0;0;0;0;0;0;0;0;1;1;0,428571429;0;0;0
4400476;01/02/2021;14;14;14;12;0;12;2;2;0;4338;0;4338;4338;4338;1;1;0,857142857;0,166666667;0,166666667;0,142857143
4400021;01/08/2021;12;12;12;8;2;6;2;2;0;9370;0;9370;9370;9370;1;1;0,5;0,333333333;0,333333333;0,166666667
4400063;01/02/2021;12;12;12;4;0;4;0;0;0;0;0;0;0;0;1;1;0,333333333;0;0;0
4400184;01/03/2021;8;8;8;8;0;8;0;0;0;0;0;0;0;0;1;1;1;0;0;0
4400097;01/01/2021;4;4;4;0;0;0;0;0;0;0;0;0;0;0;1;1;0;0;0;0
4400598;01/05/2021;16;16;16;6;2;4;0;0;0;0;0;0;0;0;1;1;0,25;0;0;0
4400201;01/09/2021;8;8;8;6;0;6;0;0;0;0;0;0;0;0;1;1;0,75;0;0;0
4400691;01/08/2021;28;28;28;28;12;16;0;0;0;0;0;0;0;0;1;1;0,571428571;0;0;0
4400746;01/04/2021;10;10;10;8;0;8;4;4;0;5874;0;5874;2937;2937;1;1;0,8;0,5;0,5;0,4
4400549;01/07/2021;12;12;12;12;2;10;4;4;0;10668;0;10668;5334;5334;1;1;0,833333333;0,4;0,4;0,333333333
4400305;01/07/2021;2;2;2;2;0;2;0;0;0;0;0;0;0;0;1;1;1;0;0;0
4400504;01/07/2021;22;22;22;20;4;16;2;2;0;2458;0;2458;2458;2458;1;1;0,727272727;0,125;0,125;0,090909091
4400490;01/08/2021;28;28;28;28;4;24;6;6;0;11390;0;11390;3796,666666;3796,666666;1;1;0,857142857;0,25;0,25;0,214285714
4400734;01/01/2021;14;14;14;14;2;12;2;2;0;6130;0;6130;6130;6130;1;1;0,857142857;0,166666667;0,166666667;0,142857143
4400453;01/07/2021;2;2;2;2;0;2;0;0;0;0;0;0;0;0;1;1;1;0;0;0
4400893;01/04/2021;30;28;18;18;6;12;6;6;0;7314;0;7314;2438;2438;0,933333333;0,642857143;0,666666667;0,5;0,5;0,2
4400677;01/09/2021;14;14;14;8;4;4;2;2;0;8874;0;8874;8874;8874;1;1;0,285714286;0,5;0,5;0,142857143
4400670;01/04/2021;10;10;10;4;0;4;4;4;0;14630;0;14630;7315;7315;1;1;0,4;1;1;0,4
4400364;01/07/2021;4;4;2;2;0;2;0;0;0;0;0;0;0;0;1;0,5;1;0;0;0
4400192;01/09/2021;4;4;4;0;0;0;0;0;0;0;0;0;0;0;1;1;0;0;0;0
4400582;01/09/2021;8;8;8;2;0;2;0;0;0;0;0;0;0;0;1;1;0,25;0;0;0
4400254;01/02/2021;14;14;14;4;0;4;0;0;0;0;0;0;0;0;1;1;0,285714286;0;0;0
4400326;01/04/2021;8;8;8;0;0;0;0;0;0;0;0;0;0;0;1;1;0;0;0;0
4400317;01/09/2021;6;6;6;2;0;2;0;0;0;0;0;0;0;0;1;1;0,333333333;0;0;0
4400511;01/03/2021;6;6;6;4;0;4;2;2;0;4914;0;4914;4914;4914;1;1;0,666666667;0,5;0,5;0,333333333
4400014;01/09/2021;2;2;2;2;0;2;2;2;0;3642;0;3642;3642;3642;1;1;1;1;1;1
4400412;01/05/2021;4;4;4;0;0;0;0;0;0;0;0;0;0;0;1;1;0;0;0;0
4400315;01/01/2021;12;12;12;8;0;8;0;0;0;0;0;0;0;0;1;1;0,666666667;0;0;0
4400511;01/01/2021;6;6;4;2;0;2;0;0;0;0;0;0;0;0;1;0,666666667;0,5;0;0;0
4400697;01/02/2021;6;6;4;4;2;2;0;0;0;0;0;0;0;0;1;0,666666667;0,5;0;0;0
4400733;01/07/2021;20;20;20;10;0;10;2;2;0;3734;0;3734;3734;3734;1;1;0,5;0,2;0,2;0,1
4400057;01/04/2021;12;12;12;4;0;4;0;0;0;0;0;0;0;0;1;1;0,333333333;0;0;0
4400032;01/03/2021;18;18;18;14;0;14;4;4;0;8112;0;8112;4056;4056;1;1;0,777777778;0,285714286;0,285714286;0,222222222
4400276;01/07/2021;10;10;8;8;0;8;0;0;0;0;0;0;0;0;1;0,8;1;0;0;0
4400571;01/02/2021;12;12;12;10;0;10;0;0;0;0;0;0;0;0;1;1;0,833333333;0;0;0
4400397;01/03/2021;8;8;8;8;0;8;4;4;0;9386;0;9386;4693;4693;1;1;1;0,5;0,5;0,5
4400405;01/02/2021;2;2;2;2;0;2;0;0;0;0;0;0;0;0;1;1;1;0;0;0
4400513;01/04/2021;2;2;2;2;0;2;0;0;0;0;0;0;0;0;1;1;1;0;0;0
4400262;01/09/2021;4;4;4;2;0;2;0;0;0;0;0;0;0;0;1;1;0,5;0;0;0
4400907;01/08/2021;20;20;20;14;2;12;4;4;0;10918;0;10918;5459;5459;1;1;0,6;0,333333333;0,333333333;0,2
4400084;01/06/2021;22;22;22;20;4;16;8;8;0;13608;0;13608;3402;3402;1;1;0,727272727;0,5;0,5;0,363636364
4400771;01/02/2021;12;12;12;10;2;8;2;2;0;2036;0;2036;2036;2036;1;1;0,666666667;0,25;0,25;0,166666667
4400180;01/08/2021;2;2;2;2;0;2;0;0;0;0;0;0;0;0;1;1;1;0;0;0
4400004;01/02/2021;4;4;4;2;2;0;0;0;0;0;0;0;0;0;1;1;0;0;0;0
4400084;01/08/2021;24;24;24;22;8;14;4;4;0;4088;0;4088;2044;2044;1;1;0,583333333;0,285714286;0,285714286;0,166666667
4400480;01/06/2021;22;22;22;22;4;18;4;4;0;9188;0;9188;4594;4594;1;1;0,818181818;0,222222222;0,222222222;0,181818182
4400760;01/03/2021;14;14;14;14;2;12;4;4;0;11670;0;11670;5835;5835;1;1;0,857142857;0,333333333;0,333333333;0,285714286
4400911;01/09/2021;2;2;2;2;0;2;0;0;0;0;0;0;0;0;1;1;1;0;0;0
4400709;01/02/2021;2;2;2;0;0;0;0;0;0;0;0;0;0;0;1;1;0;0;0;0
4400759;01/01/2021;22;22;22;16;6;10;2;2;0;1958;0;1958;1958;1958;1;1;0,454545455;0,2;0,2;0,090909091
4400002;01/08/2021;16;16;16;8;2;6;0;0;0;0;0;0;0;0;1;1;0,375;0;0;0
4400520;01/03/2021;8;8;8;6;2;4;2;2;0;5244;0;5244;5244;5244;1;1;0,5;0,5;0,5;0,25
4400128;01/04/2021;6;6;6;2;0;2;0;0;0;0;0;0;0;0;1;1;0,333333333;0;0;0
4400016;01/07/2021;26;26;26;22;4;18;0;0;0;0;0;0;0;0;1;1;0,692307692;0;0;0
4400809;01/09/2021;22;22;20;18;4;14;2;2;0;3280;0;3280;3280;3280;1;0,909090909;0,7;0,142857143;0,142857143;0,090909091
4400291;01/02/2021;10;10;10;8;0;8;0;0;0;0;0;0;0;0;1;1;0,8;0;0;0
4400834;01/04/2021;2;2;2;0;0;0;0;0;0;0;0;0;0;0;1;1;0;0;0;0
4400274;01/09/2021;22;22;22;20;4;16;2;2;0;4030;0;4030;4030;4030;1;1;0,727272727;0,125;0,125;0,090909091
4400185;01/03/2021;14;14;14;8;0;8;6;6;0;10520;0;10520;3506,666666;3506,666666;1;1;0,571428571;0,75;0,75;0,428571429
4400345;01/05/2021;24;24;24;10;0;10;4;4;0;9076;0;9076;4538;4538;1;1;0,416666667;0,4;0,4;0,166666667
4400241;01/08/2021;14;14;14;12;2;10;8;8;0;18486;0;18486;4621,5;4621,5;1;1;0,714285714;0,8;0,8;0,571428571
4400809;01/01/2021;2;2;2;2;0;2;0;0;0;0;0;0;0;0;1;1;1;0;0;0
4400013;01/04/2021;2;2;2;2;0;2;0;0;0;0;0;0;0;0;1;1;1;0;0;0
4400670;01/05/2021;10;10;10;6;0;6;4;2;2;12246;8194;4052;6123;4052;1;1;0,6;0,666666667;0,333333333;0,2
4400256;01/04/2021;22;22;22;18;2;16;4;4;0;9352;0;9352;4676;4676;1;1;0,727272727;0,25;0,25;0,181818182
4400210;01/09/2021;24;24;24;18;2;16;8;8;0;23590;0;23590;5897,5;5897,5;1;1;0,666666667;0,5;0,5;0,333333333
4400102;01/01/2021;12;12;10;6;2;4;4;4;0;7320;0;7320;3660;3660;1;0,833333333;0,4;1;1;0,333333333
4400674;01/04/2021;16;16;16;10;0;10;6;6;0;14094;0;14094;4698;4698;1;1;0,625;0,6;0,6;0,375
4400307;01/04/2021;14;14;14;14;2;12;2;2;0;4588;0;4588;4588;4588;1;1;0,857142857;0,166666667;0,166666667;0,142857143
4400324;01/01/2021;10;10;10;10;2;8;2;2;0;6300;0;6300;6300;6300;1;1;0,8;0,25;0,25;0,2
4400668;01/09/2021;16;16;16;12;0;12;0;0;0;0;0;0;0;0;1;1;0,75;0;0;0
4400821;01/04/2021;4;4;4;4;2;2;0;0;0;0;0;0;0;0;1;1;0,5;0;0;0
4400512;01/02/2021;24;24;24;24;2;22;2;2;0;10852;0;10852;10852;10852;1;1;0,916666667;0,090909091;0,090909091;0,083333333
4400497;01/02/2021;28;28;28;22;4;18;0;0;0;0;0;0;0;0;1;1;0,642857143;0;0;0
4400120;01/04/2021;18;18;18;18;2;16;6;6;0;10966;0;10966;3655,333334;3655,333334;1;1;0,888888889;0,375;0,375;0,333333333
4400767;01/09/2021;26;26;24;16;0;16;0;0;0;0;0;0;0;0;1;0,923076923;0,666666667;0;0;0
4400288;01/04/2021;4;4;4;2;0;2;0;0;0;0;0;0;0;0;1;1;0,5;0;0;0
4400022;01/08/2021;16;16;16;8;0;8;2;2;0;8584;0;8584;8584;8584;1;1;0,5;0,25;0,25;0,125
4400092;01/05/2021;10;10;10;10;0;10;6;6;0;12060;0;12060;4020;4020;1;1;1;0,6;0,6;0,6
4400742;01/05/2021;6;6;6;4;0;4;2;2;0;2606;0;2606;2606;2606;1;1;0,666666667;0,5;0,5;0,333333333
4400067;01/02/2021;24;24;24;14;0;14;6;4;2;13662;3046;10616;4554;5308;1;1;0,583333333;0,428571429;0,285714286;0,166666667
4400442;01/04/2021;14;14;14;8;0;8;2;2;0;2312;0;2312;2312;2312;1;1;0,571428571;0,25;0,25;0,142857143
4400199;01/02/2021;24;24;24;18;2;16;6;6;0;10462;0;10462;3487,333334;3487,333334;1;1;0,666666667;0,375;0,375;0,25
4400476;01/07/2021;28;28;28;20;2;18;2;2;0;3200;0;3200;3200;3200;1;1;0,642857143;0,111111111;0,111111111;0,071428571
4400544;01/08/2021;32;32;32;20;2;18;6;6;0;14912;0;14912;4970,666666;4970,666666;1;1;0,5625;0,333333333;0,333333333;0,1875
4400786;01/08/2021;16;16;16;14;0;14;8;8;0;20258;0;20258;5064,5;5064,5;1;1;0,875;0,571428571;0,571428571;0,5
4400216;01/09/2021;18;18;18;10;0;10;6;4;2;13940;3320;10620;4646,666666;5310;1;1;0,555555556;0,6;0,4;0,222222222
4400448;01/02/2021;2;2;2;2;2;0;0;0;0;0;0;0;0;0;1;1;0;0;0;0
4400623;01/02/2021;8;8;8;6;0;6;4;4;0;6050;0;6050;3025;3025;1;1;0,75;0,666666667;0,666666667;0,5
4400691;01/07/2021;22;22;22;16;0;16;8;8;0;16636;0;16636;4159;4159;1;1;0,727272727;0,5;0,5;0,363636364
4400719;01/09/2021;12;12;12;10;0;10;6;6;0;8614;0;8614;2871,333334;2871,333334;1;1;0,833333333;0,6;0,6;0,5
4400591;01/01/2021;26;26;26;14;4;10;8;8;0;15574;0;15574;3893,5;3893,5;1;1;0,384615385;0,8;0,8;0,307692308
4400315;01/06/2021;30;30;30;16;4;12;4;4;0;7654;0;7654;3827;3827;1;1;0,4;0,333333333;0,333333333;0,133333333
4400006;01/06/2021;8;8;8;6;0;6;2;2;0;4170;0;4170;4170;4170;1;1;0,75;0,333333333;0,333333333;0,25
4400002;01/02/2021;2;2;2;0;0;0;0;0;0;0;0;0;0;0;1;1;0;0;0;0
4400236;01/06/2021;24;24;24;18;2;16;0;0;0;0;0;0;0;0;1;1;0,666666667;0;0;0
4400605;01/01/2021;34;34;26;10;0;10;6;2;4;15076;13428;1648;5025,333334;1648;1;0,764705882;0,384615385;0,6;0,2;0,058823529
4400346;01/04/2021;16;16;14;6;0;6;0;0;0;0;0;0;0;0;1;0,875;0,428571429;0;0;0
4400031;01/06/2021;16;16;16;8;0;8;0;0;0;0;0;0;0;0;1;1;0,5;0;0;0
4400709;01/01/2021;4;4;4;2;0;2;2;2;0;1300;0;1300;1300;1300;1;1;0,5;1;1;0,5
4400426;01/09/2021;4;4;4;4;0;4;0;0;0;0;0;0;0;0;1;1;1;0;0;0
4400217;01/09/2021;14;14;14;2;0;2;2;2;0;3524;0;3524;3524;3524;1;1;0,142857143;1;1;0,142857143
4400337;01/08/2021;2;2;0;0;0;0;0;0;0;0;0;0;0;0;1;0;0;0;0;0
4400015;01/02/2021;12;12;12;10;0;10;8;8;0;8748;0;8748;2187;2187;1;1;0,833333333;0,8;0,8;0,666666667
4400640;01/06/2021;20;20;16;12;0;12;4;4;0;6738;0;6738;3369;3369;1;0,8;0,75;0,333333333;0,333333333;0,2
4400735;01/04/2021;14;14;12;6;0;6;4;4;0;9490;0;9490;4745;4745;1;0,857142857;0,5;0,666666667;0,666666667;0,285714286
4400470;01/01/2021;12;12;10;8;0;8;0;0;0;0;0;0;0;0;1;0,833333333;0,8;0;0;0
4400070;01/01/2021;6;6;6;4;0;4;0;0;0;0;0;0;0;0;1;1;0,666666667;0;0;0
4400483;01/08/2021;14;12;12;6;0;6;2;2;0;2834;0;2834;2834;2834;0,857142857;1;0,5;0,333333333;0,333333333;0,142857143
4400530;01/07/2021;8;8;8;8;4;4;2;2;0;3290;0;3290;3290;3290;1;1;0,5;0,5;0,5;0,25
4400704;01/05/2021;12;12;12;10;2;8;2;2;0;3596;0;3596;3596;3596;1;1;0,666666667;0,25;0,25;0,166666667
4400582;01/01/2021;2;2;2;2;0;2;0;0;0;0;0;0;0;0;1;1;1;0;0;0
4400764;01/07/2021;8;8;8;6;2;4;2;2;0;2900;0;2900;2900;2900;1;1;0,5;0,5;0,5;0,25
4400888;01/05/2021;6;6;6;6;4;2;0;0;0;0;0;0;0;0;1;1;0,333333333;0;0;0
4400574;01/09/2021;2;2;2;2;0;2;2;2;0;2788;0;2788;2788;2788;1;1;1;1;1;1
4400273;01/05/2021;6;4;4;4;0;4;4;4;0;8254;0;8254;4127;4127;0,666666667;1;1;1;1;0,666666667
4400788;01/03/2021;8;8;8;8;0;8;6;6;0;31022;0;31022;10340,66667;10340,66667;1;1;1;0,75;0,75;0,75
4400297;01/05/2021;10;10;10;6;4;2;0;0;0;0;0;0;0;0;1;1;0,2;0;0;0
4400762;01/03/2021;8;8;8;8;0;8;0;0;0;0;0;0;0;0;1;1;1;0;0;0
4400605;01/06/2021;4;4;4;4;0;4;0;0;0;0;0;0;0;0;1;1;1;0;0;0
4400268;01/02/2021;16;16;16;16;2;14;8;8;0;13498;0;13498;3374,5;3374,5;1;1;0,875;0,571428571;0,571428571;0,5
4400069;01/05/2021;4;4;4;4;0;4;0;0;0;0;0;0;0;0;1;1;1;0;0;0
4400356;01/07/2021;18;18;18;16;2;14;8;8;0;31468;0;31468;7867;7867;1;1;0,777777778;0,571428571;0,571428571;0,444444444
4400879;01/09/2021;2;2;2;2;0;2;0;0;0;0;0;0;0;0;1;1;1;0;0;0
4400444;01/05/2021;10;10;10;8;0;8;0;0;0;0;0;0;0;0;1;1;0,8;0;0;0
4400557;01/03/2021;10;10;10;0;0;0;0;0;0;0;0;0;0;0;1;1;0;0;0;0
4400024;01/02/2021;22;22;22;0;0;0;0;0;0;0;0;0;0;0;1;1;0;0;0;0
4400163;01/04/2021;8;8;6;0;0;0;0;0;0;0;0;0;0;0;1;0,75;0;0;0;0
4400245;01/04/2021;66;66;58;0;0;0;0;0;0;0;0;0;0;0;1;0,878787879;0;0;0;0
4400595;01/03/2021;12;12;12;0;0;0;0;0;0;0;0;0;0;0;1;1;0;0;0;0
4400117;01/03/2021;2;2;2;0;0;0;0;0;0;0;0;0;0;0;1;1;0;0;0;0
4400110;01/06/2021;6;6;6;6;2;4;2;2;0;1654;0;1654;1654;1654;1;1;0,666666667;0,5;0,5;0,333333333
4400495;01/06/2021;20;20;20;12;2;10;6;4;2;13856;8296;5560;4618,666666;2780;1;1;0,5;0,6;0,4;0,2
4400261;01/03/2021;18;18;18;14;0;14;6;6;0;19282;0;19282;6427,333334;6427,333334;1;1;0,777777778;0,428571429;0,428571429;0,333333333
4400553;01/09/2021;2;2;2;2;0;2;0;0;0;0;0;0;0;0;1;1;1;0;0;0
4400841;01/07/2021;14;14;12;12;0;12;4;4;0;4258;0;4258;2129;2129;1;0,857142857;1;0,333333333;0,333333333;0,285714286
4400670;01/05/2021;4;4;4;2;0;2;0;0;0;0;0;0;0;0;1;1;0,5;0;0;0
4400441;01/09/2021;10;10;10;8;0;8;2;2;0;2696;0;2696;2696;2696;1;1;0,8;0,25;0,25;0,2
4400311;01/02/2021;2;2;2;0;0;0;0;0;0;0;0;0;0;0;1;1;0;0;0;0
4400339;01/07/2021;12;12;12;10;0;10;2;2;0;6030;0;6030;6030;6030;1;1;0,833333333;0,2;0,2;0,166666667
4400316;01/01/2021;16;16;14;10;2;8;4;4;0;4366;0;4366;2183;2183;1;0,875;0,571428571;0,5;0,5;0,25
4400579;01/06/2021;8;8;8;4;2;2;2;0;2;3718;3718;0;3718;0;1;1;0,25;1;0;0
4400557;01/01/2021;10;10;8;6;2;4;2;2;0;4564;0;4564;4564;4564;1;0,8;0,5;0,5;0,5;0,2
4400806;01/06/2021;2;2;2;2;0;2;0;0;0;0;0;0;0;0;1;1;1;0;0;0
4400866;01/03/2021;4;4;4;4;0;4;4;4;0;5298;0;5298;2649;2649;1;1;1;1;1;1
4400185;01/02/2021;2;2;2;0;0;0;0;0;0;0;0;0;0;0;1;1;0;0;0;0
4400112;01/04/2021;4;4;2;2;0;2;2;0;2;1850;1850;0;1850;0;1;0,5;1;1;0;0
4400767;01/09/2021;8;8;8;4;0;4;0;0;0;0;0;0;0;0;1;1;0,5;0;0;0
4400338;01/01/2021;16;16;14;6;0;6;4;2;2;3354;0;3354;1677;3354;1;0,875;0,428571429;0,666666667;0,333333333;0,125
4400200;01/04/2021;8;8;8;4;2;2;0;0;0;0;0;0;0;0;1;1;0,25;0;0;0
4400260;01/03/2021;10;10;10;8;4;4;2;2;0;1844;0;1844;1844;1844;1;1;0,4;0,5;0,5;0,2
4400829;01/03/2021;2;2;2;0;0;0;0;0;0;0;0;0;0;0;1;1;0;0;0;0
4400204;01/09/2021;20;20;18;10;0;10;6;4;2;19134;3350;15784;6378;7892;1;0,9;0,555555556;0,6;0,4;0,2
4400790;01/04/2021;8;8;8;4;0;4;4;4;0;4018;0;4018;2009;2009;1;1;0,5;1;1;0,5
4400315;01/06/2021;8;8;8;2;0;2;0;0;0;0;0;0;0;0;1;1;0,25;0;0;0
4400628;01/05/2021;2;2;2;2;0;2;0;0;0;0;0;0;0;0;1;1;1;0;0;0
4400092;01/04/2021;14;14;14;6;0;6;2;2;0;8940;0;8940;8940;8940;1;1;0,428571429;0,333333333;0,333333333;0,142857143
4400139;01/07/2021;4;4;4;4;0;4;2;2;0;2694;0;2694;2694;2694;1;1;1;0,5;0,5;0,5
4400438;01/04/2021;18;18;18;6;2;4;0;0;0;0;0;0;0;0;1;1;0,222222222;0;0;0
4400891;01/08/2021;20;20;20;16;4;12;6;6;0;16740;0;16740;5580;5580;1;1;0,6;0,5;0,5;0,3
4400242;01/06/2021;8;8;8;4;0;4;2;0;2;7116;7116;0;7116;0;1;1;0,5;0,5;0;0
4400842;01/06/2021;8;8;8;2;0;2;0;0;0;0;0;0;0;0;1;1;0,25;0;0;0
4400852;01/08/2021;8;8;8;2;2;0;0;0;0;0;0;0;0;0;1;1;0;0;0;0
4400302;01/02/2021;6;6;6;4;0;4;0;0;0;0;0;0;0;0;1;1;0,666666667;0;0;0
4400037;01/07/2021;2;2;2;0;0;0;0;0;0;0;0;0;0;0;1;1;0;0;0;0
4400587;01/01/2021;8;8;8;2;0;2;0;0;0;0;0;0;0;0;1;1;0,25;0;0;0
4400766;01/01/2021;4;4;4;0;0;0;0;0;0;0;0;0;0;0;1;1;0;0;0;0
4400023;01/02/2021;6;6;6;0;0;0;0;0;0;0;0;0;0;0;1;1;0;0;0;0
4400282;01/03/2021;8;8;8;4;4;0;0;0;0;0;0;0;0;0;1;1;0;0;0;0
4400716;01/01/2021;16;16;16;4;2;2;0;0;0;0;0;0;0;0;1;1;0,125;0;0;0
4400216;01/05/2021;12;12;6;2;2;0;0;0;0;0;0;0;0;0;1;0,5;0;0;0;0
4400169;01/06/2021;4;4;4;0;0;0;0;0;0;0;0;0;0;0;1;1;0;0;0;0
4400290;01/07/2021;12;12;12;8;2;6;0;0;0;0;0;0;0;0;1;1;0,5;0;0;0
4400739;01/05/2021;34;34;34;20;2;18;0;0;0;0;0;0;0;0;1;1;0,529411765;0;0;0
4400191;01/05/2021;22;22;22;14;0;14;0;0;0;0;0;0;0;0;1;1;0,636363636;0;0;0
4400132;01/06/2021;4;4;4;2;0;2;0;0;0;0;0;0;0;0;1;1;0,5;0;0;0
4400753;01/08/2021;2;2;2;2;0;2;0;0;0;0;0;0;0;0;1;1;1;0;0;0
4400742;01/05/2021;18;18;18;16;4;12;2;0;2;2600;2600;0;2600;0;1;1;0,666666667;0,166666667;0;0
4400434;01/04/2021;10;10;10;10;0;10;4;4;0;8050;0;8050;4025;4025;1;1;1;0,4;0,4;0,4
4400733;01/06/2021;2;2;2;0;0;0;0;0;0;0;0;0;0;0;1;1;0;0;0;0
4400607;01/03/2021;12;12;12;12;6;6;0;0;0;0;0;0;0;0;1;1;0,5;0;0;0
4400636;01/01/2021;12;12;12;10;0;10;0;0;0;0;0;0;0;0;1;1;0,833333333;0;0;0
4400610;01/01/2021;22;22;20;12;4;8;6;6;0;10314;0;10314;3438;3438;1;0,909090909;0,4;0,75;0,75;0,272727273
4400640;01/05/2021;8;8;8;6;2;4;0;0;0;0;0;0;0;0;1;1;0,5;0;0;0
4400691;01/05/2021;12;12;12;8;2;6;0;0;0;0;0;0;0;0;1;1;0,5;0;0;0
4400248;01/08/2021;6;6;6;0;0;0;0;0;0;0;0;0;0;0;1;1;0;0;0;0
4400721;01/07/2021;2;2;2;2;0;2;0;0;0;0;0;0;0;0;1;1;1;0;0;0
4400344;01/06/2021;24;24;24;16;0;16;2;2;0;4544;0;4544;4544;4544;1;1;0,666666667;0,125;0,125;0,083333333
4400108;01/03/2021;14;14;12;10;2;8;4;4;0;6860;0;6860;3430;3430;1;0,857142857;0,666666667;0,5;0,5;0,285714286
4400833;01/01/2021;6;6;6;4;0;4;0;0;0;0;0;0;0;0;1;1;0,666666667;0;0;0
4400750;01/08/2021;2;2;2;0;0;0;0;0;0;0;0;0;0;0;1;1;0;0;0;0
4400801;01/02/2021;16;16;16;12;2;10;2;2;0;4912;0;4912;4912;4912;1;1;0,625;0,2;0,2;0,125
4400461;01/02/2021;14;14;14;10;2;8;2;2;0;6258;0;6258;6258;6258;1;1;0,571428571;0,25;0,25;0,142857143
4400883;01/06/2021;12;12;12;6;0;6;0;0;0;0;0;0;0;0;1;1;0,5;0;0;0
4400895;01/03/2021;4;4;4;2;0;2;0;0;0;0;0;0;0;0;1;1;0,5;0;0;0
4400432;01/02/2021;10;10;10;6;2;4;0;0;0;0;0;0;0;0;1;1;0,4;0;0;0
4400032;01/07/2021;6;6;6;4;0;4;0;0;0;0;0;0;0;0;1;1;0,666666667;0;0;0
4400563;01/09/2021;10;10;10;10;0;10;0;0;0;0;0;0;0;0;1;1;1;0;0;0
4400510;01/09/2021;12;12;12;10;0;10;2;2;0;3484;0;3484;3484;3484;1;1;0,833333333;0,2;0,2;0,166666667
4400191;01/03/2021;4;4;4;4;0;4;0;0;0;0;0;0;0;0;1;1;1;0;0;0
4400037;01/07/2021;2;2;2;0;0;0;0;0;0;0;0;0;0;0;1;1;0;0;0;0
4400732;01/08/2021;2;2;2;2;0;2;0;0;0;0;0;0;0;0;1;1;1;0;0;0
4400564;01/06/2021;10;10;10;8;2;6;0;0;0;0;0;0;0;0;1;1;0,6;0;0;0
4400222;01/09/2021;4;4;4;0;0;0;0;0;0;0;0;0;0;0;1;1;0;0;0;0
4400242;01/03/2021;8;8;8;6;0;6;4;4;0;20330;0;20330;10165;10165;1;1;0,75;0,666666667;0,666666667;0,5
4400825;01/08/2021;2;2;2;2;0;2;2;2;0;5516;0;5516;5516;5516;1;1;1;1;1;1
4400440;01/03/2021;4;4;4;2;2;0;0;0;0;0;0;0;0;0;1;1;0;0;0;0
4400722;01/01/2021;2;2;2;2;2;0;0;0;0;0;0;0;0;0;1;1;0;0;0;0
4400421;01/08/2021;12;12;12;8;2;6;0;0;0;0;0;0;0;0;1;1;0,5;0;0;0
4400740;01/05/2021;12;12;12;8;0;8;2;2;0;3372;0;3372;3372;3372;1;1;0,666666667;0,25;0,25;0,166666667
4400722;01/06/2021;8;8;8;4;4;0;0;0;0;0;0;0;0;0;1;1;0;0;0;0
4400830;01/05/2021;14;14;14;14;0;14;4;4;0;10640;0;10640;5320;5320;1;1;1;0,285714286;0,285714286;0,285714286
4400171;01/02/2021;10;10;8;8;0;8;6;4;2;14998;2546;12452;4999,333334;6226;1;0,8;1;0,75;0,5;0,4
4400123;01/09/2021;4;4;4;0;0;0;0;0;0;0;0;0;0;0;1;1;0;0;0;0
4400024;01/09/2021;14;14;14;8;2;6;4;2;2;6650;5072;1578;3325;1578;1;1;0,428571429;0,666666667;0,333333333;0,142857143
4400018;01/07/2021;2;2;2;2;0;2;0;0;0;0;0;0;0;0;1;1;1;0;0;0
4400384;01/02/2021;4;4;4;4;0;4;2;0;2;5242;5242;0;5242;0;1;1;1;0,5;0;0
4400323;01/01/2021;20;20;20;20;0;20;2;2;0;6036;0;6036;6036;6036;1;1;1;0,1;0,1;0,1
4400027;01/03/2021;22;22;22;14;4;10;10;8;2;16782;2854;13928;3356,4;3482;1;1;0,454545455;1;0,8;0,363636364
4400673;01/07/2021;10;10;10;10;0;10;4;4;0;6682;0;6682;3341;3341;1;1;1;0,4;0,4;0,4
4400378;01/07/2021;4;4;4;2;2;0;0;0;0;0;0;0;0;0;1;1;0;0;0;0
4400322;01/06/2021;8;8;8;8;2;6;2;2;0;3432;0;3432;3432;3432;1;1;0,75;0,333333333;0,333333333;0,25
4400230;01/09/2021;14;14;14;6;2;4;0;0;0;0;0;0;0;0;1;1;0,285714286;0;0;0
4400878;01/05/2021;20;20;20;10;2;8;0;0;0;0;0;0;0;0;1;1;0,4;0;0;0
4400461;01/02/2021;6;6;6;6;0;6;2;2;0;3064;0;3064;3064;3064;1;1;1;0,333333333;0,333333333;0,333333333
4400043;01/01/2021;2;2;2;2;0;2;0;0;0;0;0;0;0;0;1;1;1;0;0;0
4400384;01/07/2021;12;12;12;6;4;2;0;0;0;0;0;0;0;0;1;1;0,166666667;0;0;0
4400725;01/04/2021;10;10;10;10;2;8;2;2;0;3982;0;3982;3982;3982;1;1;0,8;0,25;0,25;0,2
4400822;01/07/2021;8;8;8;8;2;6;4;4;0;5584;0;5584;2792;2792;1;1;0,75;0,666666667;0,666666667;0,5
4400160;01/09/2021;18;18;18;12;0;12;6;6;0;11946;0;11946;3982;3982;1;1;0,666666667;0,5;0,5;0,333333333
4400887;01/04/2021;6;6;6;4;0;4;2;2;0;2528;0;2528;2528;2528;1;1;0,666666667;0,5;0,5;0,333333333
4400072;01/06/2021;2;2;2;2;0;2;2;2;0;8314;0;8314;8314;8314;1;1;1;1;1;1
4400174;01/04/2021;12;12;12;8;0;8;4;4;0;7916;0;7916;3958;3958;1;1;0,666666667;0,5;0,5;0,333333333
4400244;01/04/2021;10;10;10;8;0;8;0;0;0;0;0;0;0;0;1;1;0,8;0;0;0
4400490;01/02/2021;12;12;12;6;2;4;4;4;0;6454;0;6454;3227;3227;1;1;0,333333333;1;1;0,333333333
4400609;01/09/2021;6;6;6;6;0;6;4;4;0;7196;0;7196;3598;3598;1;1;1;0,666666667;0,666666667;0,666666667
4400339;01/02/2021;2;2;2;0;0;0;0;0;0;0;0;0;0;0;1;1;0;0;0;0
4400149;01/04/2021;10;10;8;8;4;4;2;2;0;4912;0;4912;4912;4912;1;0,8;0,5;0,5;0,5;0,2
4400633;01/04/2021;8;8;8;6;0;6;4;4;0;6994;0;6994;3497;3497;1;1;0,75;0,666666667;0,666666667;0,5
4400412;01/02/2021;4;4;4;4;2;2;0;0;0;0;0;0;0;0;1;1;0,5;0;0;0
4400125;01/05/2021;10;10;10;6;0;6;0;0;0;0;0;0;0;0;1;1;0,6;0;0;0
4400576;01/06/2021;18;18;18;14;4;10;4;4;0;9980;0;9980;4990;4990;1;1;0,555555556;0,4;0,4;0,222222222
4400020;01/02/2021;4;4;2;2;0;2;0;0;0;0;0;0;0;0;1;0,5;1;0;0;0
4400707;01/06/2021;8;8;8;6;2;4;4;4;0;7510;0;7510;3755;3755;1;1;0,5;1;1;0,5
4400181;01/01/2021;4;4;4;2;2;0;0;0;0;0;0;0;0;0;1;1;0;0;0;0
4400002;01/02/2021;6;6;6;4;2;2;0;0;0;0;0;0;0;0;1;1;0,333333333;0;0;0
4400320;01/09/2021;26;26;24;2;0;2;2;0;2;5146;5146;0;5146;0;1;0,923076923;0,083333333;1;0;0
4400381;01/04/2021;14;14;14;10;4;6;4;2;2;7844;5328;2516;3922;2516;1;1;0,428571429;0,666666667;0,333333333;0,142857143
4400712;01/02/2021;20;20;20;6;2;4;0;0;0;0;0;0;0;0;1;1;0,2;0;0;0
4400574;01/08/2021;10;10;10;8;4;4;0;0;0;0;0;0;0;0;1;1;0,4;0;0;0
4400683;01/06/2021;4;4;4;4;4;0;0;0;0;0;0;0;0;0;1;1;0;0;0;0
4400455;01/08/2021;24;24;24;16;6;10;2;2;0;7244;0;7244;7244;7244;1;1;0,416666667;0,2;0,2;0,083333333
4400054;01/08/2021;10;10;10;4;2;2;0;0;0;0;0;0;0;0;1;1;0,2;0;0;0
4400318;01/09/2021;4;4;4;0;0;0;0;0;0;0;0;0;0;0;1;1;0;0;0;0
4400375;01/08/2021;2;2;2;0;0;0;0;0;0;0;0;0;0;0;1;1;0;0;0;0
4400457;01/02/2021;2;0;0;0;0;0;0;0;0;0;0;0;0;0;0;0;0;0;0;0
4400619;01/06/2021;18;18;18;10;2;8;2;0;2;10070;10070;0;10070;0;1;1;0,444444444;0,25;0;0
4400455;01/05/2021;18;18;18;14;2;12;2;2;0;2410;0;2410;2410;2410;1;1;0,666666667;0,166666667;0,166666667;0,111111111
4400484;01/06/2021;10;10;10;10;2;8;0;0;0;0;0;0;0;0;1;1;0,8;0;0;0
4400497;01/03/2021;4;4;4;4;0;4;2;2;0;1772;0;1772;1772;1772;1;1;1;0,5;0,5;0,5
4400267;01/05/2021;2;2;2;2;0;2;0;0;0;0;0;0;0;0;1;1;1;0;0;0
4400348;01/09/2021;26;26;26;18;8;10;0;0;0;0;0;0;0;0;1;1;0,384615385;0;0;0
4400498;01/05/2021;18;18;18;16;6;10;2;2;0;5972;0;5972;5972;5972;1;1;0,555555556;0,2;0,2;0,111111111
4400420;01/04/2021;24;24;24;16;6;10;2;2;0;2298;0;2298;2298;2298;1;1;0,416666667;0,2;0,2;0,083333333
4400396;01/09/2021;6;6;6;4;0;4;0;0;0;0;0;0;0;0;1;1;0,666666667;0;0;0
4400274;01/02/2021;8;8;8;6;0;6;2;2;0;2990;0;2990;2990;2990;1;1;0,75;0,333333333;0,333333333;0,25
4400287;01/09/2021;2;2;2;2;0;2;0;0;0;0;0;0;0;0;1;1;1;0;0;0
4400438;01/01/2021;6;4;2;2;0;2;0;0;0;0;0;0;0;0;0,666666667;0,5;1;0;0;0
4400046;01/02/2021;10;10;10;8;2;6;0;0;0;0;0;0;0;0;1;1;0,6;0;0;0
4400061;01/01/2021;18;18;18;14;4;10;2;2;0;4872;0;4872;4872;4872;1;1;0,555555556;0,2;0,2;0,111111111
4400301;01/06/2021;22;22;22;20;12;8;0;0;0;0;0;0;0;0;1;1;0,363636364;0;0;0
4400329;01/06/2021;6;6;6;6;2;4;0;0;0;0;0;0;0;0;1;1;0,666666667;0;0;0
4400079;01/02/2021;6;6;6;6;2;4;0;0;0;0;0;0;0;0;1;1;0,666666667;0;0;0
4400142;01/09/2021;8;8;8;8;0;8;2;2;0;5342;0;5342;5342;5342;1;1;1;0,25;0,25;0,25
4400243;01/02/2021;14;14;14;12;4;8;2;2;0;6018;0;6018;6018;6018;1;1;0,571428571;0,25;0,25;0,142857143
4400828;01/04/2021;4;4;4;4;0;4;0;0;0;0;0;0;0;0;1;1;1;0;0;0
4400488;01/01/2021;24;24;24;18;2;16;2;2;0;1544;0;1544;1544;1544;1;1;0,666666667;0,125;0,125;0,083333333
4400899;01/02/2021;4;4;4;4;2;2;0;0;0;0;0;0;0;0;1;1;0,5;0;0;0
4400870;01/07/2021;10;10;10;8;2;6;0;0;0;0;0;0;0;0;1;1;0,6;0;0;0
4400518;01/01/2021;18;18;18;16;0;16;4;0;4;8546;8546;0;4273;0;1;1;0,888888889;0,25;0;0
4400377;01/01/2021;8;8;8;6;0;6;0;0;0;0;0;0;0;0;1;1;0,75;0;0;0
4400277;01/09/2021;20;20;20;16;0;16;6;6;0;11064;0;11064;3688;3688;1;1;0,8;0,375;0,375;0,3
4400357;01/08/2021;6;6;6;6;0;6;2;2;0;5634;0;5634;5634;5634;1;1;1;0,333333333;0,333333333;0,333333333
4400765;01/08/2021;10;10;10;6;0;6;0;0;0;0;0;0;0;0;1;1;0,6;0;0;0
4400751;01/01/2021;12;12;12;8;0;8;0;0;0;0;0;0;0;0;1;1;0,666666667;0;0;0
4400237;01/05/2021;12;12;12;10;0;10;2;2;0;2838;0;2838;2838;2838;1;1;0,833333333;0,2;0,2;0,166666667
4400077;01/04/2021;16;16;16;6;0;6;0;0;0;0;0;0;0;0;1;1;0,375;0;0;0
4400858;01/01/2021;14;14;14;10;0;10;2;2;0;4296;0;4296;4296;4296;1;1;0,714285714;0,2;0,2;0,142857143
4400235;01/03/2021;4;4;4;2;0;2;0;0;0;0;0;0;0;0;1;1;0,5;0;0;0
4400414;01/02/2021;4;4;4;4;0;4;2;2;0;8882;0;8882;8882;8882;1;1;1;0,5;0,5;0,5
4400569;01/02/2021;8;8;8;4;0;4;2;2;0;2688;0;2688;2688;2688;1;1;0,5;0,5;0,5;0,25
4400575;01/06/2021;12;12;12;12;0;12;2;2;0;1950;0;1950;1950;1950;1;1;1;0,166666667;0,166666667;0,166666667
4400584;01/01/2021;2;2;2;2;0;2;0;0;0;0;0;0;0;0;1;1;1;0;0;0
4400664;01/05/2021;4;4;4;2;0;2;0;0;0;0;0;0;0;0;1;1;0,5;0;0;0
4400746;01/06/2021;4;4;4;4;0;4;0;0;0;0;0;0;0;0;1;1;1;0;0;0
4400536;01/03/2021;14;14;10;6;0;6;0;0;0;0;0;0;0;0;1;0,714285714;0,6;0;0;0
4400752;01/04/2021;8;8;8;6;0;6;2;2;0;1970;0;1970;1970;1970;1;1;0,75;0,333333333;0,333333333;0,25
4400388;01/02/2021;10;10;10;4;0;4;0;0;0;0;0;0;0;0;1;1;0,4;0;0;0
4400807;01/07/2021;10;10;10;2;0;2;0;0;0;0;0;0;0;0;1;1;0,2;0;0;0
4400560;01/09/2021;6;6;6;2;0;2;0;0;0;0;0;0;0;0;1;1;0,333333333;0;0;0
4400067;01/02/2021;8;8;8;4;0;4;2;2;0;3208;0;3208;3208;3208;1;1;0,5;0,5;0,5;0,25
4400066;01/09/2021;2;2;0;0;0;0;0;0;0;0;0;0;0;0;1;0;0;0;0;0
4400113;01/08/2021;8;8;8;4;0;4;0;0;0;0;0;0;0;0;1;1;0,5;0;0;0
4400491;01/05/2021;14;14;14;8;2;6;4;4;0;8642;0;8642;4321;4321;1;1;0,428571429;0,666666667;0,666666667;0,285714286
4400420;01/02/2021;6;6;6;6;0;6;0;0;0;0;0;0;0;0;1;1;1;0;0;0
4400687;01/01/2021;8;8;8;8;0;8;0;0;0;0;0;0;0;0;1;1;1;0;0;0
4400542;01/08/2021;8;8;8;4;0;4;0;0;0;0;0;0;0;0;1;1;0,5;0;0;0
4400654;01/03/2021;12;12;12;12;4;8;4;4;0;7622;0;7622;3811;3811;1;1;0,666666667;0,5;0,5;0,333333333
4400334;01/02/2021;12;12;12;10;2;8;4;2;2;6186;3922;2264;3093;2264;1;1;0,666666667;0,5;0,25;0,166666667
4400425;01/04/2021;12;12;12;8;2;6;2;0;2;4436;4436;0;4436;0;1;1;0,5;0,333333333;0;0
4400519;01/06/2021;12;12;12;8;0;8;0;0;0;0;0;0;0;0;1;1;0,666666667;0;0;0
4400638;01/02/2021;6;6;6;2;0;2;0;0;0;0;0;0;0;0;1;1;0,333333333;0;0;0
4400465;01/01/2021;2;2;2;0;0;0;0;0;0;0;0;0;0;0;1;1;0;0;0;0
4400740;01/08/2021;12;12;12;8;2;6;2;2;0;7150;0;7150;7150;7150;1;1;0,5;0,333333333;0,333333333;0,166666667
4400078;01/08/2021;24;24;24;16;6;10;4;2;2;6212;1944;4268;3106;4268;1;1;0,416666667;0,4;0,2;0,083333333
4400381;01/09/2021;10;10;10;10;0;10;4;2;2;4768;1944;2824;2384;2824;1;1;1;0,4;0,2;0,2
4400055;01/06/2021;14;14;14;12;4;8;2;2;0;3762;0;3762;3762;3762;1;1;0,571428571;0,25;0,25;0,142857143
4400469;01/07/2021;6;6;6;4;2;2;0;0;0;0;0;0;0;0;1;1;0,333333333;0;0;0
4400116;01/05/2021;2;2;2;2;0;2;2;2;0;2564;0;2564;2564;2564;1;1;1;1;1;1
4400854;01/01/2021;12;12;12;12;2;10;4;4;0;4326;0;4326;2163;2163;1;1;0,833333333;0,4;0,4;0,333333333
4400072;01/08/2021;14;14;14;10;6;4;0;0;0;0;0;0;0;0;1;1;0,285714286;0;0;0
4400024;01/02/2021;14;14;12;12;4;8;2;2;0;2420;0;2420;2420;2420;1;0,857142857;0,666666667;0,25;0,25;0,142857143
4400232;01/08/2021;18;18;18;10;2;8;4;4;0;9724;0;9724;4862;4862;1;1;0,444444444;0,5;0,5;0,222222222
4400307;01/09/2021;2;2;2;2;0;2;0;0;0;0;0;0;0;0;1;1;1;0;0;0
4400677;01/06/2021;14;14;14;10;0;10;2;2;0;2550;0;2550;2550;2550;1;1;0,714285714;0,2;0,2;0,142857143
4400034;01/02/2021;4;4;4;4;0;4;4;4;0;10130;0;10130;5065;5065;1;1;1;1;1;1
4400447;01/05/2021;2;2;2;2;0;2;2;0;2;2988;2988;0;2988;0;1;1;1;1;0;0
4400121;01/02/2021;2;2;2;2;0;2;2;2;0;2890;0;2890;2890;2890;1;1;1;1;1;1
4400350;01/07/2021;10;10;10;8;2;6;2;2;0;5862;0;5862;5862;5862;1;1;0,6;0,333333333;0,333333333;0,2
4400377;01/01/2021;2;2;2;0;0;0;0;0;0;0;0;0;0;0;1;1;0;0;0;0
4400842;01/05/2021;2;2;2;0;0;0;0;0;0;0;0;0;0;0;1;1;0;0;0;0
4400044;01/07/2021;2;2;2;2;0;2;0;0;0;0;0;0;0;0;1;1;1;0;0;0
4400259;01/07/2021;6;6;6;4;0;4;4;2;2;7066;4178;2888;3533;2888;1;1;0,666666667;1;0,5;0,333333333
4400600;01/02/2021;4;4;4;4;0;4;0;0;0;0;0;0;0;0;1;1;1;0;0;0
4400092;01/01/2021;2;2;2;2;0;2;0;0;0;0;0;0;0;0;1;1;1;0;0;0
4400542;01/02/2021;6;6;6;4;2;2;0;0;0;0;0;0;0;0;1;1;0,333333333;0;0;0
4400695;01/02/2021;6;6;0;0;0;0;0;0;0;0;0;0;0;0;1;0;0;0;0;0
4400072;01/09/2021;2;2;2;2;0;2;2;2;0;3226;0;3226;3226;3226;1;1;1;1;1;1
4400448;01/05/2021;18;18;18;4;0;4;2;2;0;2376;0;2376;2376;2376;1;1;0,222222222;0,5;0,5;0,111111111
4400368;01/05/2021;14;12;12;4;0;4;0;0;0;0;0;0;0;0;0,857142857;1;0,333333333;0;0;0
4400716;01/07/2021;20;20;20;12;0;12;2;2;0;3364;0;3364;3364;3364;1;1;0,6;0,166666667;0,166666667;0,1
4400139;01/05/2021;2;2;2;2;0;2;0;0;0;0;0;0;0;0;1;1;1;0;0;0
4400265;01/07/2021;6;6;6;2;0;2;2;2;0;1276;0;1276;1276;1276;1;1;0,333333333;1;1;0,333333333
4400769;01/01/2021;4;4;4;2;0;2;0;0;0;0;0;0;0;0;1;1;0,5;0;0;0
4400045;01/05/2021;2;2;2;2;0;2;0;0;0;0;0;0;0;0;1;1;1;0;0;0
4400700;01/04/2021;2;2;2;0;0;0;0;0;0;0;0;0;0;0;1;1;0;0;0;0
4400506;01/08/2021;18;18;16;8;4;4;0;0;0;0;0;0;0;0;1;0,888888889;0,25;0;0;0
4400064;01/08/2021;8;8;8;6;0;6;4;4;0;8828;0;8828;4414;4414;1;1;0,75;0,666666667;0,666666667;0,5
4400639;01/01/2021;10;10;10;10;0;10;6;6;0;7884;0;7884;2628;2628;1;1;1;0,6;0,6;0,6
4400000;01/01/2021;4;4;4;4;2;2;0;0;0;0;0;0;0;0;1;1;0,5;0;0;0
4400073;01/07/2021;2;2;2;0;0;0;0;0;0;0;0;0;0;0;1;1;0;0;0;0
4400099;01/06/2021;16;16;16;10;4;6;4;4;0;7194;0;7194;3597;3597;1;1;0,375;0,666666667;0,666666667;0,25
4400281;01/08/2021;12;12;12;2;0;2;0;0;0;0;0;0;0;0;1;1;0,166666667;0;0;0
4400363;01/08/2021;8;8;8;6;0;6;0;0;0;0;0;0;0;0;1;1;0,75;0;0;0
4400633;01/04/2021;20;20;20;14;6;8;2;2;0;4036;0;4036;4036;4036;1;1;0,4;0,25;0,25;0,1
4400462;01/05/2021;4;4;4;4;0;4;2;0;2;3604;3604;0;3604;0;1;1;1;0,5;0;0
4400424;01/02/2021;2;2;2;0;0;0;0;0;0;0;0;0;0;0;1;1;0;0;0;0
4400832;01/04/2021;8;8;8;4;0;4;2;2;0;3174;0;3174;3174;3174;1;1;0,5;0,5;0,5;0,25
4400177;01/02/2021;20;20;20;12;6;6;0;0;0;0;0;0;0;0;1;1;0,3;0;0;0
4400076;01/07/2021;12;12;12;10;2;8;4;4;0;5942;0;5942;2971;2971;1;1;0,666666667;0,5;0,5;0,333333333
4400258;01/03/2021;10;10;10;10;4;6;0;0;0;0;0;0;0;0;1;1;0,6;0;0;0
4400299;01/04/2021;10;10;10;6;0;6;0;0;0;0;0;0;0;0;1;1;0,6;0;0;0
4400054;01/09/2021;2;2;2;0;0;0;0;0;0;0;0;0;0;0;1;1;0;0;0;0
4400783;01/08/2021;12;12;12;8;4;4;2;2;0;3224;0;3224;3224;3224;1;1;0,333333333;0,5;0,5;0,166666667
4400781;01/09/2021;16;16;16;10;2;8;0;0;0;0;0;0;0;0;1;1;0,5;0;0;0
4400398;01/08/2021;8;8;8;2;0;2;2;2;0;4084;0;4084;4084;4084;1;1;0,25;1;1;0,25
4400204;01/09/2021;20;20;20;14;4;10;6;6;0;16930;0;16930;5643,333334;5643,333334;1;1;0,5;0,6;0,6;0,3
4400893;01/06/2021;4;4;4;2;0;2;0;0;0;0;0;0;0;0;1;1;0,5;0;0;0
4400455;01/09/2021;6;6;6;2;2;0;0;0;0;0;0;0;0;0;1;1;0;0;0;0
4400576;01/01/2021;22;22;20;18;6;12;0;0;0;0;0;0;0;0;1;0,909090909;0,6;0;0;0
4400520;01/08/2021;12;12;12;4;2;2;0;0;0;0;0;0;0;0;1;1;0,166666667;0;0;0
4400656;01/08/2021;2;2;2;2;0;2;0;0;0;0;0;0;0;0;1;1;1;0;0;0
4400789;01/01/2021;10;10;10;8;2;6;2;0;2;1762;1762;0;1762;0;1;1;0,6;0,333333333;0;0
4400330;01/02/2021;2;2;2;0;0;0;0;0;0;0;0;0;0;0;1;1;0;0;0;0
4400487;01/08/2021;10;10;10;10;4;6;2;2;0;2796;0;2796;2796;2796;1;1;0,6;0,333333333;0,333333333;0,2
4400537;01/04/2021;6;6;4;4;0;4;0;0;0;0;0;0;0;0;1;0,666666667;1;0;0;0
4400325;01/06/2021;6;6;6;2;0;2;0;0;0;0;0;0;0;0;1;1;0,333333333;0;0;0
4400577;01/01/2021;4;4;4;4;2;2;0;0;0;0;0;0;0;0;1;1;0,5;0;0;0
4400534;01/04/2021;4;4;4;2;0;2;0;0;0;0;0;0;0;0;1;1;0,5;0;0;0
4400544;01/05/2021;12;10;2;2;0;2;0;0;0;0;0;0;0;0;0,833333333;0,2;1;0;0;0
4400750;01/04/2021;10;10;10;8;2;6;2;2;0;7228;0;7228;7228;7228;1;1;0,6;0,333333333;0,333333333;0,2
4400633;01/04/2021;8;8;8;6;2;4;2;2;0;2572;0;2572;2572;2572;1;1;0,5;0,5;0,5;0,25
4400800;01/07/2021;6;6;6;4;0;4;2;2;0;4520;0;4520;4520;4520;1;1;0,666666667;0,5;0,5;0,333333333
4400426;01/04/2021;2;2;2;2;0;2;2;2;0;3524;0;3524;3524;3524;1;1;1;1;1;1
4400015;01/07/2021;16;16;16;10;2;8;2;2;0;5694;0;5694;5694;5694;1;1;0,5;0,25;0,25;0,125
4400132;01/02/2021;2;2;2;2;2;0;0;0;0;0;0;0;0;0;1;1;0;0;0;0
4400067;01/08/2021;4;4;4;4;2;2;0;0;0;0;0;0;0;0;1;1;0,5;0;0;0
4400568;01/08/2021;6;6;6;6;2;4;0;0;0;0;0;0;0;0;1;1;0,666666667;0;0;0
4400222;01/02/2021;4;4;4;4;0;4;0;0;0;0;0;0;0;0;1;1;1;0;0;0
4400083;01/09/2021;2;2;2;2;2;0;0;0;0;0;0;0;0;0;1;1;0;0;0;0
4400256;01/08/2021;12;12;12;12;2;10;2;2;0;4788;0;4788;4788;4788;1;1;0,833333333;0,2;0,2;0,166666667
4400058;01/08/2021;6;6;6;6;0;6;0;0;0;0;0;0;0;0;1;1;1;0;0;0
4400151;01/02/2021;6;6;6;6;0;6;0;0;0;0;0;0;0;0;1;1;1;0;0;0
4400218;01/05/2021;2;2;2;0;0;0;0;0;0;0;0;0;0;0;1;1;0;0;0;0
4400896;01/05/2021;14;14;14;8;0;8;4;4;0;9654;0;9654;4827;4827;1;1;0,571428571;0,5;0,5;0,285714286
4400596;01/09/2021;10;10;10;10;0;10;0;0;0;0;0;0;0;0;1;1;1;0;0;0
4400861;01/02/2021;12;12;12;8;0;8;0;0;0;0;0;0;0;0;1;1;0,666666667;0;0;0
4400605;01/05/2021;6;6;6;4;2;2;0;0;0;0;0;0;0;0;1;1;0,333333333;0;0;0
4400182;01/04/2021;14;14;14;8;2;6;2;2;0;2356;0;2356;2356;2356;1;1;0,428571429;0,333333333;0,333333333;0,142857143
4400010;01/03/2021;2;2;2;0;0;0;0;0;0;0;0;0;0;0;1;1;0;0;0;0
4400380;01/01/2021;14;14;14;6;0;6;2;2;0;3976;0;3976;3976;3976;1;1;0,428571429;0,333333333;0,333333333;0,142857143
4400885;01/01/2021;16;16;16;12;0;12;4;4;0;11400;0;11400;5700;5700;1;1;0,75;0,333333333;0,333333333;0,25
4400425;01/02/2021;22;22;22;16;4;12;0;0;0;0;0;0;0;0;1;1;0,545454545;0;0;0
4400000;01/07/2021;14;14;14;8;4;4;0;0;0;0;0;0;0;0;1;1;0,285714286;0;0;0
4400151;01/08/2021;4;4;4;2;2;0;0;0;0;0;0;0;0;0;1;1;0;0;0;0
4400711;01/08/2021;4;4;4;4;0;4;0;0;0;0;0;0;0;0;1;1;1;0;0;0
4400278;01/02/2021;14;14;12;10;8;2;2;2;0;2662;0;2662;2662;2662;1;0,857142857;0,166666667;1;1;0,142857143
4400454;01/03/2021;14;14;14;6;2;4;2;2;0;9650;0;9650;9650;9650;1;1;0,285714286;0,5;0,5;0,142857143
4400383;01/09/2021;20;20;18;12;2;10;4;4;0;6634;0;6634;3317;3317;1;0,9;0,555555556;0,4;0,4;0,2
4400113;01/06/2021;12;12;10;6;2;4;2;0;2;6462;6462;0;6462;0;1;0,833333333;0,4;0,5;0;0
4400318;01/07/2021;4;4;4;0;0;0;0;0;0;0;0;0;0;0;1;1;0;0;0;0
4400705;01/01/2021;2;2;2;2;0;2;0;0;0;0;0;0;0;0;1;1;1;0;0;0
4400899;01/04/2021;18;18;16;6;0;6;4;4;0;4972;0;4972;2486;2486;1;0,888888889;0,375;0,666666667;0,666666667;0,222222222
4400146;01/07/2021;12;12;12;6;0;6;2;2;0;1866;0;1866;1866;1866;1;1;0,5;0,333333333;0,333333333;0,166666667
4400307;01/01/2021;12;12;12;8;0;8;2;2;0;2152;0;2152;2152;2152;1;1;0,666666667;0,25;0,25;0,166666667
4400764;01/05/2021;4;4;4;4;0;4;0;0;0;0;0;0;0;0;1;1;1;0;0;0
4400793;01/01/2021;14;14;12;4;0;4;2;2;0;2306;0;2306;2306;2306;1;0,857142857;0,333333333;0,5;0,5;0,142857143
4400570;01/09/2021;22;22;22;8;0;8;2;2;0;1932;0;1932;1932;1932;1;1;0,363636364;0,25;0,25;0,090909091
4400746;01/01/2021;18;18;18;0;0;0;0;0;0;0;0;0;0;0;1;1;0;0;0;0
4400875;01/03/2021;20;20;16;12;0;12;4;4;0;5208;0;5208;2604;2604;1;0,8;0,75;0,333333333;0,333333333;0,2
4400604;01/09/2021;2;2;2;2;0;2;0;0;0;0;0;0;0;0;1;1;1;0;0;0
4400635;01/08/2021;8;8;8;6;0;6;2;2;0;1308;0;1308;1308;1308;1;1;0,75;0,333333333;0,333333333;0,25
4400263;01/02/2021;8;8;8;4;0;4;2;2;0;6122;0;6122;6122;6122;1;1;0,5;0,5;0,5;0,25
4400319;01/02/2021;20;20;20;14;2;12;0;0;0;0;0;0;0;0;1;1;0,6;0;0;0
4400134;01/09/2021;10;10;10;8;0;8;0;0;0;0;0;0;0;0;1;1;0,8;0;0;0
4400144;01/08/2021;8;8;8;6;0;6;0;0;0;0;0;0;0;0;1;1;0,75;0;0;0
4400109;01/04/2021;14;14;14;12;2;10;0;0;0;0;0;0;0;0;1;1;0,714285714;0;0;0
4400783;01/04/2021;4;4;4;2;0;2;0;0;0;0;0;0;0;0;1;1;0,5;0;0;0
4400018;01/09/2021;24;24;24;18;0;18;0;0;0;0;0;0;0;0;1;1;0,75;0;0;0
4400277;01/01/2021;2;2;2;2;0;2;0;0;0;0;0;0;0;0;1;1;1;0;0;0
4400689;01/07/2021;22;22;22;18;2;16;2;2;0;1962;0;1962;1962;1962;1;1;0,727272727;0,125;0,125;0,090909091
4400032;01/02/2021;8;8;8;4;0;4;2;2;0;2514;0;2514;2514;2514;1;1;0,5;0,5;0,5;0,25
4400610;01/09/2021;18;18;18;8;2;6;0;0;0;0;0;0;0;0;1;1;0,333333333;0;0;0
4400520;01/07/2021;4;4;4;4;2;2;0;0;0;0;0;0;0;0;1;1;0,5;0;0;0
4400212;01/01/2021;10;10;10;8;2;6;4;4;0;11232;0;11232;5616;5616;1;1;0,6;0,666666667;0,666666667;0,4
4400609;01/04/2021;16;16;16;10;0;10;0;0;0;0;0;0;0;0;1;1;0,625;0;0;0
4400786;01/01/2021;8;8;8;2;0;2;2;0;2;4716;4716;0;4716;0;1;1;0,25;1;0;0
4400284;01/06/2021;10;10;10;4;0;4;2;2;0;4556;0;4556;4556;4556;1;1;0,4;0,5;0,5;0,2
4400757;01/05/2021;4;4;4;2;0;2;0;0;0;0;0;0;0;0;1;1;0,5;0;0;0
4400805;01/06/2021;18;18;18;6;0;6;2;2;0;2966;0;2966;2966;2966;1;1;0,333333333;0,333333333;0,333333333;0,111111111
4400472;01/06/2021;12;12;12;8;0;8;2;2;0;3726;0;3726;3726;3726;1;1;0,666666667;0,25;0,25;0,166666667
4400379;01/07/2021;20;20;20;12;0;12;0;0;0;0;0;0;0;0;1;1;0,6;0;0;0
4400488;01/07/2021;4;4;4;2;0;2;0;0;0;0;0;0;0;0;1;1;0,5;0;0;0
4400175;01/03/2021;4;4;4;2;0;2;0;0;0;0;0;0;0;0;1;1;0,5;0;0;0
4400321;01/01/2021;4;4;4;4;0;4;0;0;0;0;0;0;0;0;1;1;1;0;0;0
4400072;01/07/2021;32;32;32;20;0;20;0;0;0;0;0;0;0;0;1;1;0,625;0;0;0
4400865;01/06/2021;18;18;18;10;4;6;2;2;0;4576;0;4576;4576;4576;1;1;0,333333333;0,333333333;0,333333333;0,111111111
4400268;01/06/2021;20;20;20;12;2;10;2;2;0;21390;0;21390;21390;21390;1;1;0,5;0,2;0,2;0,1
4400881;01/06/2021;8;8;8;6;0;6;0;0;0;0;0;0;0;0;1;1;0,75;0;0;0
4400586;01/02/2021;10;10;10;6;0;6;0;0;0;0;0;0;0;0;1;1;0,6;0;0;0
4400027;01/09/2021;16;16;16;14;2;12;2;2;0;1996;0;1996;1996;1996;1;1;0,75;0,166666667;0,166666667;0,125
4400685;01/02/2021;2;2;2;2;0;2;2;2;0;10920;0;10920;10920;10920;1;1;1;1;1;1
4400035;01/09/2021;14;14;14;12;6;6;4;4;0;7042;0;7042;3521;3521;1;1;0,428571429;0,666666667;0,666666667;0,285714286
4400241;01/04/2021;22;22;22;22;4;18;2;2;0;2854;0;2854;2854;2854;1;1;0,818181818;0,111111111;0,111111111;0,090909091
4400345;01/09/2021;34;34;34;12;0;12;2;2;0;2520;0;2520;2520;2520;1;1;0,352941176;0,166666667;0,166666667;0,058823529
4400642;01/08/2021;4;4;4;4;0;4;2;2;0;5028;0;5028;5028;5028;1;1;1;0,5;0,5;0,5
4400578;01/03/2021;2;2;2;0;0;0;0;0;0;0;0;0;0;0;1;1;0;0;0;0
4400280;01/04/2021;14;14;14;12;4;8;0;0;0;0;0;0;0;0;1;1;0,571428571;0;0;0
4400174;01/02/2021;12;12;12;4;0;4;0;0;0;0;0;0;0;0;1;1;0,333333333;0;0;0
4400001;01/09/2021;14;14;14;12;4;8;0;0;0;0;0;0;0;0;1;1;0,571428571;0;0;0
4400381;01/06/2021;6;6;6;6;0;6;0;0;0;0;0;0;0;0;1;1;1;0;0;0
4400887;01/03/2021;2;2;2;2;0;2;2;2;0;2396;0;2396;2396;2396;1;1;1;1;1;1
4400780;01/06/2021;6;6;6;2;0;2;0;0;0;0;0;0;0;0;1;1;0,333333333;0;0;0
4400871;01/04/2021;14;14;14;12;0;12;0;0;0;0;0;0;0;0;1;1;0,857142857;0;0;0
4400249;01/01/2021;22;22;22;14;0;14;4;4;0;8594;0;8594;4297;4297;1;1;0,636363636;0,285714286;0,285714286;0,181818182
4400482;01/05/2021;8;8;8;2;0;2;0;0;0;0;0;0;0;0;1;1;0,25;0;0;0
4400523;01/06/2021;18;18;18;12;4;8;2;2;0;1608;0;1608;1608;1608;1;1;0,444444444;0,25;0,25;0,111111111
4400446;01/06/2021;6;6;6;2;0;2;2;2;0;1858;0;1858;1858;1858;1;1;0,333333333;1;1;0,333333333
4400534;01/06/2021;20;20;20;10;2;8;2;2;0;2250;0;2250;2250;2250;1;1;0,4;0,25;0,25;0,1
4400893;01/06/2021;24;24;24;12;0;12;2;2;0;3158;0;3158;3158;3158;1;1;0,5;0,166666667;0,166666667;0,083333333
4400700;01/02/2021;8;8;6;0;0;0;0;0;0;0;0;0;0;0;1;0,75;0;0;0;0
4400389;01/03/2021;10;10;10;6;0;6;2;2;0;934;0;934;934;934;1;1;0,6;0,333333333;0,333333333;0,2
4400749;01/03/2021;10;10;10;6;0;6;2;2;0;3324;0;3324;3324;3324;1;1;0,6;0,333333333;0,333333333;0,2
4400309;01/06/2021;16;16;14;6;0;6;0;0;0;0;0;0;0;0;1;0,875;0,428571429;0;0;0
4400444;01/07/2021;8;8;8;6;0;6;0;0;0;0;0;0;0;0;1;1;0,75;0;0;0
4400218;01/04/2021;14;14;12;6;0;6;0;0;0;0;0;0;0;0;1;0,857142857;0,5;0;0;0
4400273;01/07/2021;22;22;20;6;0;6;4;2;2;9146;6738;2408;4573;2408;1;0,909090909;0,3;0,666666667;0,333333333;0,090909091
4400573;01/08/2021;16;16;14;6;0;6;2;2;0;3008;0;3008;3008;3008;1;0,875;0,428571429;0,333333333;0,333333333;0,125
4400584;01/02/2021;4;4;4;0;0;0;0;0;0;0;0;0;0;0;1;1;0;0;0;0
4400159;01/06/2021;4;4;4;2;0;2;0;0;0;0;0;0;0;0;1;1;0,5;0;0;0
4400087;01/04/2021;12;12;12;8;0;8;0;0;0;0;0;0;0;0;1;1;0,666666667;0;0;0
4400147;01/03/2021;2;2;2;2;0;2;0;0;0;0;0;0;0;0;1;1;1;0;0;0
4400901;01/04/2021;2;2;2;2;0;2;0;0;0;0;0;0;0;0;1;1;1;0;0;0
4400116;01/07/2021;18;18;18;14;8;6;0;0;0;0;0;0;0;0;1;1;0,333333333;0;0;0
4400238;01/07/2021;12;12;10;8;2;6;2;2;0;3174;0;3174;3174;3174;1;0,833333333;0,6;0,333333333;0,333333333;0,166666667
4400594;01/08/2021;8;8;8;8;0;8;2;2;0;3258;0;3258;3258;3258;1;1;1;0,25;0,25;0,25
4400344;01/03/2021;10;10;10;6;4;2;0;0;0;0;0;0;0;0;1;1;0,2;0;0;0
4400538;01/06/2021;22;22;22;16;4;12;4;4;0;6362;0;6362;3181;3181;1;1;0,545454545;0,333333333;0,333333333;0,181818182
4400163;01/03/2021;2;2;2;2;2;0;0;0;0;0;0;0;0;0;1;1;0;0;0;0
4400843;01/08/2021;6;6;6;6;2;4;2;2;0;2638;0;2638;2638;2638;1;1;0,666666667;0,5;0,5;0,333333333
4400403;01/04/2021;14;14;14;8;2;6;2;2;0;4332;0;4332;4332;4332;1;1;0,428571429;0,333333333;0,333333333;0,142857143
4400057;01/08/2021;14;14;14;10;4;6;0;0;0;0;0;0;0;0;1;1;0,428571429;0;0;0
4400608;01/07/2021;2;2;2;2;0;2;0;0;0;0;0;0;0;0;1;1;1;0;0;0
4400245;01/02/2021;8;8;8;4;4;0;0;0;0;0;0;0;0;0;1;1;0;0;0;0
4400422;01/08/2021;20;20;20;16;0;16;0;0;0;0;0;0;0;0;1;1;0,8;0;0;0
4400505;01/04/2021;18;18;18;6;0;6;4;4;0;8336;0;8336;4168;4168;1;1;0,333333333;0,666666667;0,666666667;0,222222222
4400799;01/07/2021;10;10;10;6;2;4;4;4;0;6394;0;6394;3197;3197;1;1;0,4;1;1;0,4
4400283;01/07/2021;10;10;10;2;0;2;2;2;0;6790;0;6790;6790;6790;1;1;0,2;1;1;0,2
4400697;01/02/2021;10;10;10;8;2;6;4;4;0;10688;0;10688;5344;5344;1;1;0,6;0,666666667;0,666666667;0,4
4400756;01/05/2021;4;4;4;2;0;2;0;0;0;0;0;0;0;0;1;1;0,5;0;0;0
4400386;01/06/2021;12;12;12;2;2;0;0;0;0;0;0;0;0;0;1;1;0;0;0;0
4400702;01/03/2021;8;8;6;2;0;2;2;2;0;1998;0;1998;1998;1998;1;0,75;0,333333333;1;1;0,25
4400014;01/01/2021;12;12;12;4;0;4;2;2;0;2448;0;2448;2448;2448;1;1;0,333333333;0,5;0,5;0,166666667
4400418;01/05/2021;8;8;8;2;0;2;2;2;0;1396;0;1396;1396;1396;1;1;0,25;1;1;0,25
4400308;01/07/2021;4;4;2;0;0;0;0;0;0;0;0;0;0;0;1;0,5;0;0;0;0
4400396;01/06/2021;6;6;6;2;2;0;0;0;0;0;0;0;0;0;1;1;0;0;0;0
4400725;01/09/2021;14;14;12;4;0;4;2;2;0;3466;0;3466;3466;3466;1;0,857142857;0,333333333;0,5;0,5;0,142857143
4400604;01/04/2021;10;10;10;4;0;4;0;0;0;0;0;0;0;0;1;1;0,4;0;0;0
4400789;01/06/2021;2;2;2;0;0;0;0;0;0;0;0;0;0;0;1;1;0;0;0;0
4400509;01/03/2021;6;6;6;2;0;2;0;0;0;0;0;0;0;0;1;1;0,333333333;0;0;0
4400462;01/06/2021;2;2;2;0;0;0;0;0;0;0;0;0;0;0;1;1;0;0;0;0
4400519;01/06/2021;2;2;2;0;0;0;0;0;0;0;0;0;0;0;1;1;0;0;0;0
4400017;01/08/2021;6;6;6;6;0;6;0;0;0;0;0;0;0;0;1;1;1;0;0;0
4400126;01/02/2021;2;2;2;0;0;0;0;0;0;0;0;0;0;0;1;1;0;0;0;0
4400603;01/09/2021;2;2;2;0;0;0;0;0;0;0;0;0;0;0;1;1;0;0;0;0
4400195;01/04/2021;2;2;2;0;0;0;0;0;0;0;0;0;0;0;1;1;0;0;0;0
4400644;01/04/2021;2;2;2;0;0;0;0;0;0;0;0;0;0;0;1;1;0;0;0;0
4400864;01/06/2021;24;24;24;10;0;10;8;8;0;18016;0;18016;4504;4504;1;1;0,416666667;0,8;0,8;0,333333333
4400104;01/04/2021;10;10;10;2;2;0;0;0;0;0;0;0;0;0;1;1;0;0;0;0
4400646;01/07/2021;8;8;8;6;6;0;0;0;0;0;0;0;0;0;1;1;0;0;0;0
4400438;01/08/2021;8;8;8;0;0;0;0;0;0;0;0;0;0;0;1;1;0;0;0;0
4400021;01/07/2021;4;4;4;0;0;0;0;0;0;0;0;0;0;0;1;1;0;0;0;0
4400868;01/05/2021;2;2;2;0;0;0;0;0;0;0;0;0;0;0;1;1;0;0;0;0
4400414;01/08/2021;4;4;4;2;0;2;2;2;0;4506;0;4506;4506;4506;1;1;0,5;1;1;0,5
4400144;01/04/2021;14;14;14;10;0;10;2;2;0;3046;0;3046;3046;3046;1;1;0,714285714;0,2;0,2;0,142857143
4400532;01/02/2021;8;8;8;6;2;4;2;0;2;10218;10218;0;10218;0;1;1;0,5;0,5;0;0
4400044;01/09/2021;8;8;8;2;0;2;0;0;0;0;0;0;0;0;1;1;0,25;0;0;0
4400528;01/02/2021;2;2;2;0;0;0;0;0;0;0;0;0;0;0;1;1;0;0;0;0
4400307;01/03/2021;6;6;6;2;0;2;0;0;0;0;0;0;0;0;1;1;0,333333333;0;0;0
4400711;01/08/2021;10;10;10;10;2;8;0;0;0;0;0;0;0;0;1;1;0,8;0;0;0
4400532;01/07/2021;12;12;12;10;2;8;2;2;0;5964;0;5964;5964;5964;1;1;0,666666667;0,25;0,25;0,166666667
4400413;01/08/2021;12;12;12;8;2;6;0;0;0;0;0;0;0;0;1;1;0,5;0;0;0
4400591;01/02/2021;4;4;4;2;0;2;2;2;0;2642;0;2642;2642;2642;1;1;0,5;1;1;0,5
4400816;01/02/2021;4;4;4;4;0;4;0;0;0;0;0;0;0;0;1;1;1;0;0;0
4400709;01/07/2021;8;8;8;6;0;6;0;0;0;0;0;0;0;0;1;1;0,75;0;0;0
4400036;01/06/2021;24;24;24;10;0;10;2;2;0;6286;0;6286;6286;6286;1;1;0,416666667;0,2;0,2;0,083333333
4400498;01/07/2021;22;22;20;8;0;8;2;2;0;2704;0;2704;2704;2704;1;0,909090909;0,4;0,25;0,25;0,090909091
4400519;01/02/2021;6;6;6;2;0;2;0;0;0;0;0;0;0;0;1;1;0,333333333;0;0;0
4400271;01/05/2021;22;22;20;8;2;6;0;0;0;0;0;0;0;0;1;0,909090909;0,3;0;0;0
4400786;01/04/2021;16;16;14;4;0;4;2;2;0;1316;0;1316;1316;1316;1;0,875;0,285714286;0,5;0,5;0,125
4400323;01/04/2021;10;10;10;4;0;4;0;0;0;0;0;0;0;0;1;1;0,4;0;0;0
4400357;01/02/2021;22;22;22;10;0;10;2;2;0;2896;0;2896;2896;2896;1;1;0,454545455;0,2;0,2;0,090909091
4400722;01/09/2021;8;8;8;6;0;6;2;2;0;7020;0;7020;7020;7020;1;1;0,75;0,333333333;0,333333333;0,25
4400527;01/04/2021;24;24;20;4;0;4;2;2;0;3218;0;3218;3218;3218;1;0,833333333;0,2;0,5;0,5;0,083333333
4400430;01/08/2021;20;20;20;0;0;0;0;0;0;0;0;0;0;0;1;1;0;0;0;0
4400517;01/03/2021;16;16;16;2;0;2;0;0;0;0;0;0;0;0;1;1;0,125;0;0;0
4400434;01/09/2021;16;16;14;2;0;2;2;2;0;3544;0;3544;3544;3544;1;0,875;0,142857143;1;1;0,125
4400200;01/07/2021;10;10;8;2;0;2;0;0;0;0;0;0;0;0;1;0,8;0,25;0;0;0
4400510;01/04/2021;10;10;10;2;0;2;2;2;0;2560;0;2560;2560;2560;1;1;0,2;1;1;0,2
4400779;01/01/2021;8;8;8;2;0;2;0;0;0;0;0;0;0;0;1;1;0,25;0;0;0
4400129;01/01/2021;4;4;4;0;0;0;0;0;0;0;0;0;0;0;1;1;0;0;0;0
4400361;01/08/2021;10;10;10;2;2;0;0;0;0;0;0;0;0;0;1;1;0;0;0;0
4400773;01/05/2021;8;8;8;6;2;4;2;2;0;2582;0;2582;2582;2582;1;1;0,5;0,5;0,5;0,25
4400888;01/07/2021;8;8;8;4;0;4;0;0;0;0;0;0;0;0;1;1;0,5;0;0;0
4400846;01/01/2021;6;6;6;2;2;0;0;0;0;0;0;0;0;0;1;1;0;0;0;0
4400467;01/06/2021;14;14;14;4;2;2;2;2;0;1868;0;1868;1868;1868;1;1;0,142857143;1;1;0,142857143
4400725;01/07/2021;20;20;18;14;4;10;2;2;0;5392;0;5392;5392;5392;1;0,9;0,555555556;0,2;0,2;0,1
4400245;01/05/2021;16;16;14;2;2;0;0;0;0;0;0;0;0;0;1;0,875;0;0;0;0
4400664;01/06/2021;14;14;14;8;0;8;0;0;0;0;0;0;0;0;1;1;0,571428571;0;0;0
4400164;01/02/2021;2;2;2;2;0;2;0;0;0;0;0;0;0;0;1;1;1;0;0;0
4400558;01/04/2021;2;2;2;2;0;2;0;0;0;0;0;0;0;0;1;1;1;0;0;0
4400453;01/08/2021;12;12;12;10;0;10;2;2;0;1412;0;1412;1412;1412;1;1;0,833333333;0,2;0,2;0,166666667
4400346;01/04/2021;12;12;12;10;0;10;0;0;0;0;0;0;0;0;1;1;0,833333333;0;0;0
4400071;01/04/2021;6;6;6;4;2;2;0;0;0;0;0;0;0;0;1;1;0,333333333;0;0;0
4400639;01/02/2021;2;2;2;2;2;0;0;0;0;0;0;0;0;0;1;1;0;0;0;0
4400279;01/01/2021;10;10;10;6;0;6;0;0;0;0;0;0;0;0;1;1;0,6;0;0;0
4400012;01/03/2021;8;8;8;4;0;4;0;0;0;0;0;0;0;0;1;1;0,5;0;0;0
4400119;01/05/2021;12;12;12;8;0;8;2;0;2;5296;5296;0;5296;0;1;1;0,666666667;0,25;0;0
4400385;01/05/2021;22;22;20;18;2;16;0;0;0;0;0;0;0;0;1;0,909090909;0,8;0;0;0
4400201;01/03/2021;10;10;10;4;0;4;0;0;0;0;0;0;0;0;1;1;0,4;0;0;0
4400641;01/04/2021;8;8;8;8;4;4;2;2;0;4038;0;4038;4038;4038;1;1;0,5;0,5;0,5;0,25
4400123;01/06/2021;6;6;4;2;2;0;0;0;0;0;0;0;0;0;1;0,666666667;0;0;0;0
4400704;01/05/2021;4;4;4;2;0;2;0;0;0;0;0;0;0;0;1;1;0,5;0;0;0
4400023;01/05/2021;2;2;2;2;0;2;2;2;0;3466;0;3466;3466;3466;1;1;1;1;1;1
4400373;01/06/2021;28;28;28;24;4;20;0;0;0;0;0;0;0;0;1;1;0,714285714;0;0;0
4400823;01/05/2021;14;14;14;10;0;10;2;2;0;8220;0;8220;8220;8220;1;1;0,714285714;0,2;0,2;0,142857143
4400802;01/06/2021;16;16;16;8;0;8;2;2;0;2714;0;2714;2714;2714;1;1;0,5;0,25;0,25;0,125
4400008;01/09/2021;4;4;4;2;2;0;0;0;0;0;0;0;0;0;1;1;0;0;0;0
4400566;01/08/2021;4;4;4;2;0;2;0;0;0;0;0;0;0;0;1;1;0,5;0;0;0
4400889;01/05/2021;10;10;10;4;0;4;0;0;0;0;0;0;0;0;1;1;0,4;0;0;0
4400479;01/05/2021;18;18;18;10;2;8;2;2;0;3338;0;3338;3338;3338;1;1;0,444444444;0,25;0,25;0,111111111
4400841;01/09/2021;12;12;12;10;2;8;0;0;0;0;0;0;0;0;1;1;0,666666667;0;0;0
4400700;01/07/2021;26;26;26;16;6;10;4;4;0;13672;0;13672;6836;6836;1;1;0,384615385;0,4;0,4;0,153846154
4400708;01/08/2021;4;4;4;2;0;2;0;0;0;0;0;0;0;0;1;1;0,5;0;0;0
4400094;01/01/2021;2;2;2;0;0;0;0;0;0;0;0;0;0;0;1;1;0;0;0;0
4400480;01/02/2021;4;4;4;2;0;2;0;0;0;0;0;0;0;0;1;1;0,5;0;0;0
4400201;01/01/2021;14;14;14;10;2;8;2;2;0;3328;0;3328;3328;3328;1;1;0,571428571;0,25;0,25;0,142857143
4400165;01/08/2021;6;6;6;6;2;4;0;0;0;0;0;0;0;0;1;1;0,666666667;0;0;0
4400365;01/06/2021;4;4;4;4;0;4;0;0;0;0;0;0;0;0;1;1;1;0;0;0
4400867;01/04/2021;2;2;2;2;0;2;0;0;0;0;0;0;0;0;1;1;1;0;0;0
4400409;01/04/2021;4;4;4;4;0;4;2;2;0;1666;0;1666;1666;1666;1;1;1;0,5;0,5;0,5
4400349;01/09/2021;8;8;8;8;0;8;4;4;0;6838;0;6838;3419;3419;1;1;1;0,5;0,5;0,5
4400420;01/08/2021;2;2;2;2;0;2;0;0;0;0;0;0;0;0;1;1;1;0;0;0
4400704;01/03/2021;2;2;2;2;0;2;0;0;0;0;0;0;0;0;1;1;1;0;0;0
4400900;01/06/2021;2;2;2;2;0;2;0;0;0;0;0;0;0;0;1;1;1;0;0;0
4400089;01/04/2021;6;6;6;6;0;6;0;0;0;0;0;0;0;0;1;1;1;0;0;0
4400531;01/07/2021;34;34;34;12;0;12;0;0;0;0;0;0;0;0;1;1;0,352941176;0;0;0
4400432;01/02/2021;12;12;12;4;0;4;2;2;0;3590;0;3590;3590;3590;1;1;0,333333333;0,5;0,5;0,166666667
4400844;01/04/2021;16;16;16;10;0;10;2;2;0;5974;0;5974;5974;5974;1;1;0,625;0,2;0,2;0,125
4400298;01/04/2021;38;38;38;16;0;16;2;2;0;2904;0;2904;2904;2904;1;1;0,421052632;0,125;0,125;0,052631579
4400887;01/04/2021;32;32;32;14;0;14;2;2;0;4586;0;4586;4586;4586;1;1;0,4375;0,142857143;0,142857143;0,0625
4400186;01/07/2021;26;26;26;10;0;10;0;0;0;0;0;0;0;0;1;1;0,384615385;0;0;0
4400494;01/05/2021;18;18;18;14;0;14;4;4;0;17326;0;17326;8663;8663;1;1;0,777777778;0,285714286;0,285714286;0,222222222
4400499;01/09/2021;16;16;16;6;0;6;2;2;0;2142;0;2142;2142;2142;1;1;0,375;0,333333333;0,333333333;0,125
4400518;01/06/2021;2;2;2;0;0;0;0;0;0;0;0;0;0;0;1;1;0;0;0;0
4400522;01/03/2021;32;32;28;22;4;18;0;0;0;0;0;0;0;0;1;0,875;0,642857143;0;0;0
4400627;01/04/2021;22;22;18;12;4;8;2;2;0;3520;0;3520;3520;3520;1;0,818181818;0,444444444;0,25;0,25;0,090909091
4400463;01/02/2021;12;12;10;4;0;4;0;0;0;0;0;0;0;0;1;0,833333333;0,4;0;0;0
4400429;01/02/2021;10;10;6;6;6;0;0;0;0;0;0;0;0;0;1;0,6;0;0;0;0
4400136;01/08/2021;16;16;12;4;2;2;0;0;0;0;0;0;0;0;1;0,75;0,166666667;0;0;0
4400511;01/07/2021;36;36;34;24;12;12;0;0;0;0;0;0;0;0;1;0,944444444;0,352941176;0;0;0
4400088;01/02/2021;2;2;0;0;0;0;0;0;0;0;0;0;0;0;1;0;0;0;0;0
4400641;01/05/2021;18;18;18;12;8;4;0;0;0;0;0;0;0;0;1;1;0,222222222;0;0;0
4400507;01/05/2021;28;28;22;14;8;6;0;0;0;0;0;0;0;0;1;0,785714286;0,272727273;0;0;0
4400007;01/08/2021;34;34;32;18;10;8;0;0;0;0;0;0;0;0;1;0,941176471;0,25;0;0;0
4400061;01/08/2021;2;2;0;0;0;0;0;0;0;0;0;0;0;0;1;0;0;0;0;0
4400161;01/02/2021;2;2;2;0;0;0;0;0;0;0;0;0;0;0;1;1;0;0;0;0
4400672;01/09/2021;14;14;14;10;4;6;2;2;0;2064;0;2064;2064;2064;1;1;0,428571429;0,333333333;0,333333333;0,142857143
4400188;01/02/2021;12;12;10;4;0;4;2;2;0;5322;0;5322;5322;5322;1;0,833333333;0,4;0,5;0,5;0,166666667
4400552;01/03/2021;10;10;10;2;0;2;0;0;0;0;0;0;0;0;1;1;0,2;0;0;0
4400229;01/04/2021;12;12;12;4;0;4;0;0;0;0;0;0;0;0;1;1;0,333333333;0;0;0
4400370;01/05/2021;2;2;2;2;0;2;0;0;0;0;0;0;0;0;1;1;1;0;0;0
4400269;01/01/2021;8;8;8;0;0;0;0;0;0;0;0;0;0;0;1;1;0;0;0;0
4400612;01/07/2021;10;10;10;0;0;0;0;0;0;0;0;0;0;0;1;1;0;0;0;0
4400133;01/09/2021;12;12;12;4;0;4;2;2;0;2826;0;2826;2826;2826;1;1;0,333333333;0,5;0,5;0,166666667
4400559;01/04/2021;20;20;20;4;0;4;2;2;0;3662;0;3662;3662;3662;1;1;0,2;0,5;0,5;0,1
4400197;01/07/2021;10;10;10;0;0;0;0;0;0;0;0;0;0;0;1;1;0;0;0;0
4400547;01/04/2021;4;4;4;2;0;2;0;0;0;0;0;0;0;0;1;1;0,5;0;0;0
4400401;01/09/2021;14;14;14;4;0;4;0;0;0;0;0;0;0;0;1;1;0,285714286;0;0;0
4400066;01/04/2021;30;30;30;20;2;18;4;2;2;10670;5748;4922;5335;4922;1;1;0,6;0,222222222;0,111111111;0,066666667
4400145;01/04/2021;22;22;22;14;2;12;0;0;0;0;0;0;0;0;1;1;0,545454545;0;0;0
4400688;01/06/2021;18;18;18;10;6;4;0;0;0;0;0;0;0;0;1;1;0,222222222;0;0;0
4400163;01/01/2021;28;28;28;16;4;12;2;2;0;4908;0;4908;4908;4908;1;1;0,428571429;0,166666667;0,166666667;0,071428571
4400669;01/01/2021;28;28;28;14;8;6;2;2;0;3460;0;3460;3460;3460;1;1;0,214285714;0,333333333;0,333333333;0,071428571
4400417;01/08/2021;16;16;16;6;2;4;0;0;0;0;0;0;0;0;1;1;0,25;0;0;0
4400818;01/03/2021;14;14;14;10;4;6;0;0;0;0;0;0;0;0;1;1;0,428571429;0;0;0
4400585;01/08/2021;22;22;22;8;0;8;0;0;0;0;0;0;0;0;1;1;0,363636364;0;0;0
4400001;01/03/2021;12;12;12;4;0;4;0;0;0;0;0;0;0;0;1;1;0,333333333;0;0;0
4400522;01/07/2021;12;12;12;6;0;6;4;2;2;6406;4010;2396;3203;2396;1;1;0,5;0,666666667;0,333333333;0,166666667
4400455;01/08/2021;6;6;6;2;0;2;2;2;0;4222;0;4222;4222;4222;1;1;0,333333333;1;1;0,333333333
4400488;01/04/2021;2;2;2;0;0;0;0;0;0;0;0;0;0;0;1;1;0;0;0;0
4400903;01/02/2021;4;4;4;0;0;0;0;0;0;0;0;0;0;0;1;1;0;0;0;0
4400347;01/03/2021;8;8;8;2;0;2;2;0;2;5438;5438;0;5438;0;1;1;0,25;1;0;0
4400124;01/03/2021;16;16;14;12;0;12;0;0;0;0;0;0;0;0;1;0,875;0,857142857;0;0;0
4400200;01/01/2021;18;18;18;8;0;8;0;0;0;0;0;0;0;0;1;1;0,444444444;0;0;0
4400634;01/07/2021;14;14;14;8;0;8;0;0;0;0;0;0;0;0;1;1;0,571428571;0;0;0
4400206;01/02/2021;2;2;2;0;0;0;0;0;0;0;0;0;0;0;1;1;0;0;0;0
4400423;01/08/2021;4;4;4;4;0;4;2;2;0;3862;0;3862;3862;3862;1;1;1;0,5;0,5;0,5
4400684;01/06/2021;10;10;10;4;0;4;0;0;0;0;0;0;0;0;1;1;0,4;0;0;0
4400288;01/07/2021;10;10;10;2;0;2;0;0;0;0;0;0;0;0;1;1;0,2;0;0;0
4400273;01/06/2021;18;18;18;14;6;8;0;0;0;0;0;0;0;0;1;1;0,444444444;0;0;0
4400317;01/03/2021;14;14;14;10;2;8;2;2;0;1308;0;1308;1308;1308;1;1;0,571428571;0,25;0,25;0,142857143
4400413;01/07/2021;6;6;6;4;0;4;2;0;2;3142;3142;0;3142;0;1;1;0,666666667;0,5;0;0
4400463;01/03/2021;6;6;6;2;0;2;0;0;0;0;0;0;0;0;1;1;0,333333333;0;0;0
4400131;01/03/2021;10;10;10;2;0;2;0;0;0;0;0;0;0;0;1;1;0,2;0;0;0
4400174;01/05/2021;10;10;10;8;0;8;2;2;0;7884;0;7884;7884;7884;1;1;0,8;0,25;0,25;0,2
4400284;01/05/2021;16;16;16;12;2;10;0;0;0;0;0;0;0;0;1;1;0,625;0;0;0
4400617;01/08/2021;22;22;22;8;0;8;0;0;0;0;0;0;0;0;1;1;0,363636364;0;0;0
4400629;01/07/2021;6;6;6;4;0;4;0;0;0;0;0;0;0;0;1;1;0,666666667;0;0;0
4400395;01/03/2021;6;6;6;4;0;4;0;0;0;0;0;0;0;0;1;1;0,666666667;0;0;0
4400860;01/04/2021;12;12;12;6;0;6;0;0;0;0;0;0;0;0;1;1;0,5;0;0;0
4400147;01/08/2021;8;8;8;8;0;8;0;0;0;0;0;0;0;0;1;1;1;0;0;0
4400748;01/06/2021;18;18;18;6;0;6;0;0;0;0;0;0;0;0;1;1;0,333333333;0;0;0
4400500;01/03/2021;18;18;18;10;0;10;2;2;0;1304;0;1304;1304;1304;1;1;0,555555556;0,2;0,2;0,111111111
4400896;01/03/2021;2;2;2;2;0;2;0;0;0;0;0;0;0;0;1;1;1;0;0;0
4400089;01/08/2021;8;8;8;4;0;4;0;0;0;0;0;0;0;0;1;1;0,5;0;0;0
4400112;01/07/2021;30;30;30;10;0;10;2;2;0;4950;0;4950;4950;4950;1;1;0,333333333;0,2;0,2;0,066666667
4400005;01/05/2021;12;12;12;8;0;8;0;0;0;0;0;0;0;0;1;1;0,666666667;0;0;0
4400871;01/03/2021;30;30;30;10;0;10;2;2;0;3690;0;3690;3690;3690;1;1;0,333333333;0,2;0,2;0,066666667
4400727;01/02/2021;12;12;12;6;0;6;0;0;0;0;0;0;0;0;1;1;0,5;0;0;0
4400378;01/09/2021;16;16;16;10;0;10;0;0;0;0;0;0;0;0;1;1;0,625;0;0;0
4400471;01/05/2021;10;10;10;6;0;6;0;0;0;0;0;0;0;0;1;1;0,6;0;0;0
4400637;01/03/2021;26;26;24;12;2;10;0;0;0;0;0;0;0;0;1;0,923076923;0,416666667;0;0;0
4400516;01/07/2021;14;14;14;8;4;4;0;0;0;0;0;0;0;0;1;1;0,285714286;0;0;0
4400753;01/09/2021;10;10;10;4;2;2;0;0;0;0;0;0;0;0;1;1;0,2;0;0;0
4400893;01/02/2021;2;2;2;2;0;2;0;0;0;0;0;0;0;0;1;1;1;0;0;0
4400888;01/01/2021;10;10;10;6;2;4;2;2;0;3654;0;3654;3654;3654;1;1;0,4;0,5;0,5;0,2
4400889;01/05/2021;6;6;6;6;2;4;2;2;0;17430;0;17430;17430;17430;1;1;0,666666667;0,5;0,5;0,333333333
4400361;01/06/2021;2;2;2;2;0;2;0;0;0;0;0;0;0;0;1;1;1;0;0;0
4400662;01/06/2021;16;16;14;8;2;6;0;0;0;0;0;0;0;0;1;0,875;0,428571429;0;0;0
4400310;01/09/2021;24;24;24;16;6;10;4;4;0;9228;0;9228;4614;4614;1;1;0,416666667;0,4;0,4;0,166666667
4400730;01/01/2021;12;12;12;4;2;2;0;0;0;0;0;0;0;0;1;1;0,166666667;0;0;0
4400382;01/05/2021;6;6;6;6;2;4;0;0;0;0;0;0;0;0;1;1;0,666666667;0;0;0
4400587;01/04/2021;2;2;2;2;0;2;0;0;0;0;0;0;0;0;1;1;1;0;0;0
4400661;01/09/2021;10;10;10;8;4;4;0;0;0;0;0;0;0;0;1;1;0,4;0;0;0
4400717;01/07/2021;16;16;14;10;0;10;0;0;0;0;0;0;0;0;1;0,875;0,714285714;0;0;0
4400247;01/04/2021;6;6;6;0;0;0;0;0;0;0;0;0;0;0;1;1;0;0;0;0
4400565;01/03/2021;12;12;12;8;4;4;0;0;0;0;0;0;0;0;1;1;0,333333333;0;0;0
4400265;01/03/2021;2;2;2;2;2;0;0;0;0;0;0;0;0;0;1;1;0;0;0;0
4400538;01/05/2021;2;2;2;2;2;0;0;0;0;0;0;0;0;0;1;1;0;0;0;0
4400774;01/05/2021;16;16;16;14;4;10;0;0;0;0;0;0;0;0;1;1;0,625;0;0;0
4400270;01/06/2021;12;12;12;12;2;10;2;2;0;1316;0;1316;1316;1316;1;1;0,833333333;0,2;0,2;0,166666667
4400402;01/03/2021;18;18;18;8;0;8;0;0;0;0;0;0;0;0;1;1;0,444444444;0;0;0
4400665;01/02/2021;8;8;8;6;0;6;2;2;0;3700;0;3700;3700;3700;1;1;0,75;0,333333333;0,333333333;0,25
4400780;01/07/2021;4;4;4;4;0;4;0;0;0;0;0;0;0;0;1;1;1;0;0;0
4400694;01/06/2021;14;14;14;10;2;8;2;2;0;4968;0;4968;4968;4968;1;1;0,571428571;0,25;0,25;0,142857143
4400692;01/09/2021;18;18;18;12;0;12;4;4;0;19130;0;19130;9565;9565;1;1;0,666666667;0,333333333;0,333333333;0,222222222
4400378;01/02/2021;6;6;6;2;0;2;0;0;0;0;0;0;0;0;1;1;0,333333333;0;0;0
4400174;01/06/2021;4;4;4;2;0;2;0;0;0;0;0;0;0;0;1;1;0,5;0;0;0
4400844;01/06/2021;6;6;6;2;0;2;0;0;0;0;0;0;0;0;1;1;0,333333333;0;0;0
4400692;01/06/2021;6;6;6;4;0;4;0;0;0;0;0;0;0;0;1;1;0,666666667;0;0;0
4400317;01/02/2021;14;14;14;8;0;8;0;0;0;0;0;0;0;0;1;1;0,571428571;0;0;0
4400674;01/01/2021;8;8;8;0;0;0;0;0;0;0;0;0;0;0;1;1;0;0;0;0
4400899;01/03/2021;16;16;16;10;0;10;0;0;0;0;0;0;0;0;1;1;0,625;0;0;0
4400008;01/06/2021;2;2;2;0;0;0;0;0;0;0;0;0;0;0;1;1;0;0;0;0
4400138;01/03/2021;8;8;8;4;0;4;0;0;0;0;0;0;0;0;1;1;0,5;0;0;0
4400751;01/03/2021;4;4;4;0;0;0;0;0;0;0;0;0;0;0;1;1;0;0;0;0
4400531;01/06/2021;16;16;16;10;2;8;2;2;0;4014;0;4014;4014;4014;1;1;0,5;0,25;0,25;0,125
4400124;01/01/2021;14;14;14;2;2;0;0;0;0;0;0;0;0;0;1;1;0;0;0;0
4400308;01/08/2021;4;4;4;2;2;0;0;0;0;0;0;0;0;0;1;1;0;0;0;0
4400563;01/01/2021;6;6;6;4;0;4;0;0;0;0;0;0;0;0;1;1;0,666666667;0;0;0
4400466;01/04/2021;6;6;6;4;0;4;0;0;0;0;0;0;0;0;1;1;0,666666667;0;0;0
4400081;01/09/2021;16;16;16;14;2;12;2;2;0;2674;0;2674;2674;2674;1;1;0,75;0,166666667;0,166666667;0,125
4400839;01/08/2021;14;14;14;10;0;10;4;4;0;6008;0;6008;3004;3004;1;1;0,714285714;0,4;0,4;0,285714286
4400342;01/05/2021;20;20;20;12;2;10;6;6;0;9044;0;9044;3014,666666;3014,666666;1;1;0,5;0,6;0,6;0,3
4400453;01/01/2021;2;2;2;2;0;2;2;2;0;9484;0;9484;9484;9484;1;1;1;1;1;1
4400397;01/09/2021;4;4;4;0;0;0;0;0;0;0;0;0;0;0;1;1;0;0;0;0
4400580;01/05/2021;12;12;12;6;2;4;2;2;0;2342;0;2342;2342;2342;1;1;0,333333333;0,5;0,5;0,166666667
4400504;01/09/2021;16;16;16;14;0;14;4;4;0;6842;0;6842;3421;3421;1;1;0,875;0,285714286;0,285714286;0,25
4400524;01/06/2021;6;6;6;2;2;0;0;0;0;0;0;0;0;0;1;1;0;0;0;0
4400144;01/05/2021;2;2;2;0;0;0;0;0;0;0;0;0;0;0;1;1;0;0;0;0
4400415;01/04/2021;2;2;2;0;0;0;0;0;0;0;0;0;0;0;1;1;0;0;0;0
4400632;01/06/2021;8;8;8;2;2;0;0;0;0;0;0;0;0;0;1;1;0;0;0;0
4400484;01/08/2021;12;12;10;4;0;4;2;2;0;4732;0;4732;4732;4732;1;0,833333333;0,4;0,5;0,5;0,166666667
4400527;01/06/2021;22;22;22;20;2;18;8;4;4;14942;7800;7142;3735,5;3571;1;1;0,818181818;0,444444444;0,222222222;0,181818182
4400400;01/04/2021;16;16;16;12;2;10;0;0;0;0;0;0;0;0;1;1;0,625;0;0;0
4400665;01/04/2021;2;2;2;0;0;0;0;0;0;0;0;0;0;0;1;1;0;0;0;0
4400623;01/07/2021;4;4;4;2;2;0;0;0;0;0;0;0;0;0;1;1;0;0;0;0
4400157;01/03/2021;12;12;12;8;2;6;2;2;0;2968;0;2968;2968;2968;1;1;0,5;0,333333333;0,333333333;0,166666667
4400493;01/01/2021;8;8;8;4;2;2;0;0;0;0;0;0;0;0;1;1;0,25;0;0;0
4400765;01/08/2021;20;20;20;8;2;6;2;0;2;3136;3136;0;3136;0;1;1;0,3;0,333333333;0;0
4400665;01/09/2021;10;10;10;4;2;2;0;0;0;0;0;0;0;0;1;1;0,2;0;0;0
4400174;01/05/2021;2;2;2;2;0;2;2;2;0;4558;0;4558;4558;4558;1;1;1;1;1;1
4400638;01/09/2021;4;4;4;0;0;0;0;0;0;0;0;0;0;0;1;1;0;0;0;0
4400045;01/07/2021;22;22;22;14;0;14;2;2;0;5268;0;5268;5268;5268;1;1;0,636363636;0,142857143;0,142857143;0,090909091
4400415;01/08/2021;20;20;20;12;0;12;4;4;0;10080;0;10080;5040;5040;1;1;0,6;0,333333333;0,333333333;0,2
4400481;01/03/2021;18;18;18;8;0;8;0;0;0;0;0;0;0;0;1;1;0,444444444;0;0;0
4400897;01/09/2021;2;2;2;2;0;2;0;0;0;0;0;0;0;0;1;1;1;0;0;0
4400142;01/08/2021;2;2;2;0;0;0;0;0;0;0;0;0;0;0;1;1;0;0;0;0
4400089;01/02/2021;18;18;16;10;0;10;2;2;0;3612;0;3612;3612;3612;1;0,888888889;0,625;0,2;0,2;0,111111111
4400836;01/03/2021;20;20;20;4;0;4;2;2;0;1904;0;1904;1904;1904;1;1;0,2;0,5;0,5;0,1
4400067;01/09/2021;20;20;20;6;0;6;0;0;0;0;0;0;0;0;1;1;0,3;0;0;0
4400695;01/02/2021;20;20;20;4;0;4;2;0;2;1946;1946;0;1946;0;1;1;0,2;0,5;0;0
4400361;01/07/2021;2;2;2;0;0;0;0;0;0;0;0;0;0;0;1;1;0;0;0;0
4400282;01/05/2021;4;4;4;2;0;2;0;0;0;0;0;0;0;0;1;1;0,5;0;0;0
4400225;01/09/2021;4;4;4;0;0;0;0;0;0;0;0;0;0;0;1;1;0;0;0;0
4400318;01/06/2021;18;18;18;10;0;10;2;2;0;3658;0;3658;3658;3658;1;1;0,555555556;0,2;0,2;0,111111111
4400910;01/09/2021;14;14;14;6;0;6;0;0;0;0;0;0;0;0;1;1;0,428571429;0;0;0
4400005;01/03/2021;24;24;24;8;0;8;2;0;2;5252;5252;0;5252;0;1;1;0,333333333;0,25;0;0
4400377;01/01/2021;6;6;6;2;0;2;2;2;0;4296;0;4296;4296;4296;1;1;0,333333333;1;1;0,333333333
4400104;01/01/2021;8;8;8;6;0;6;0;0;0;0;0;0;0;0;1;1;0,75;0;0;0
4400643;01/06/2021;22;22;22;4;0;4;0;0;0;0;0;0;0;0;1;1;0,181818182;0;0;0
4400691;01/06/2021;10;10;10;4;0;4;0;0;0;0;0;0;0;0;1;1;0,4;0;0;0
4400355;01/01/2021;8;8;8;6;4;2;2;2;0;4718;0;4718;4718;4718;1;1;0,25;1;1;0,25
4400050;01/08/2021;6;6;6;4;0;4;0;0;0;0;0;0;0;0;1;1;0,666666667;0;0;0
4400717;01/03/2021;6;6;6;2;0;2;0;0;0;0;0;0;0;0;1;1;0,333333333;0;0;0
4400638;01/04/2021;8;8;8;6;0;6;0;0;0;0;0;0;0;0;1;1;0,75;0;0;0
4400182;01/03/2021;20;20;20;14;2;12;2;2;0;2946;0;2946;2946;2946;1;1;0,6;0,166666667;0,166666667;0,1
4400533;01/08/2021;16;16;16;12;0;12;2;2;0;1680;0;1680;1680;1680;1;1;0,75;0,166666667;0,166666667;0,125
4400684;01/01/2021;28;28;24;12;4;8;0;0;0;0;0;0;0;0;1;0,857142857;0,333333333;0;0;0
4400294;01/07/2021;6;6;6;2;2;0;0;0;0;0;0;0;0;0;1;1;0;0;0;0
4400754;01/01/2021;2;2;2;2;2;0;0;0;0;0;0;0;0;0;1;1;0;0;0;0
4400833;01/01/2021;18;18;18;10;4;6;2;2;0;14296;0;14296;14296;14296;1;1;0,333333333;0,333333333;0,333333333;0,111111111
